-0.08096671367553315 -0.002823037670682288 0.9967128080519954 -30.50459 -0.30264568958871596 0.9528518139297182 -0.021886234582855157 -16.3406 -0.9496578214546303 -0.3034228916037072 -0.07800366017623833 -3.415047
-0.08141364376438653 -0.0023924371523247334 0.9966775280166991 -30.37437 -0.30215167063267206 0.9529967947292698 -0.02239368593205801 -16.36429 -0.9497769140924046 -0.3029709317413315 -0.07830982043714962 -3.37794
-0.08204541821363259 -0.0017833510697114474 0.9966269959263158 -30.24467 -0.30145267551102634 0.9532010134433826 -0.023110871851849013 -16.38749 -0.9499446477439589 -0.3023320155548712 -0.07874337174096052 -3.340883
-0.08285557235025987 -0.0010007234882588867 0.9965610631983421 -30.11549 -0.30055426308671673 0.9534619247184789 -0.024031085130172103 -16.41015 -0.9501589809452473 -0.301511785283151 -0.07930040519729709 -3.303897
-0.08383842370729927 -4.941382924147919e-05 0.9964793606836766 -29.9868 -0.29946206682495224 0.9537767332877845 -0.025147834336385844 -16.43228 -0.9504175867707854 -0.3005161236891557 -0.07997793545497961 -3.266998
-0.08498729311739822 0.0010654976205664302 0.9963814654656108 -29.85859 -0.2981817430739402 0.9541424594348351 -0.0264540205078721 -16.45384 -0.9507180486905485 -0.2993510177341389 -0.08077227293800199 -3.230206
-0.08629630992836312 0.002339017268300936 0.9962667694402773 -29.73084 -0.29671852015800526 0.9545560865313036 -0.027942753287494654 -16.47483 -0.9510578671605588 -0.2980221580088651 -0.08168063814483673 -3.193539
-0.08775889533972786 0.0037667717718149196 0.9961346232910336 -29.60354 -0.29507783112081 0.9550143827799502 -0.029607469741086412 -16.49522 -0.9514344170092804 -0.2965355629833455 -0.0826995164215662 -3.157015
-0.08936874091493896 0.005343638223377245 0.9959842738104935 -29.47668 -0.29326477609076534 0.9555141244087736 -0.03144088357168079 -16.51501 -0.9518450500221723 -0.2948969372270122 -0.08382599335776375 -3.120654
-0.09111930560500348 0.007065159206870397 0.9958149203900507 -29.35023 -0.291284868508001 0.9560518508074172 -0.03343626692661869 -16.53416 -0.9522869302496689 -0.2931125075684985 -0.08505680679738892 -3.084473
-0.09300422913845607 0.008926544369161987 0.995625697824231 -29.22418 -0.289143079654 0.9566242090685004 -0.035586543977553065 -16.55267 -0.9527573105731397 -0.29118797954189507 -0.0863890486100336 -3.048492
-0.09501699576584788 0.010923066569732603 0.9954157207580887 -29.09852 -0.2868446110648074 0.9572277275854063 -0.037884649196709946 -16.57052 -0.9532533449292016 -0.28912932082096343 -0.08781968015710484 -3.012729
-0.09715069378974106 0.013050106174117143 0.9951841223738531 -28.97323 -0.2843947246252314 0.9578588915432191 -0.040323498074127925 -16.58768 -0.9537721862696096 -0.2869425702478453 -0.0893452745143779 -2.977202
-0.09939917377525925 0.015302857224064104 0.9949299607578295 -28.84829 -0.28179856662817343 0.9585142137652745 -0.04289603543737991 -16.60415 -0.9543109409930828 -0.28463366731769096 -0.09096319766905364 -2.94193
-0.10175592871256395 0.017676665030877337 0.9946523344793544 -28.7237 -0.27906134665759447 0.9591901986577531 -0.045595258531449634 -16.61991 -0.9548667424167067 -0.28220860779268586 -0.09267041552847649 -2.906932
-0.10421398310256885 0.020166752947543443 0.9943504149953629 -28.59942 -0.2761883739365897 0.959883364023522 -0.04841393986394371 -16.63493 -0.9554367733283874 -0.2796734337516522 -0.09446344597462125 -2.872225
-0.1067669374715417 0.0227681913878727 0.9940233551199253 -28.47546 -0.2731848054994803 0.9605903213126981 -0.05134487943873951 -16.6492 -0.9560182441288236 -0.27703401246289744 -0.0963393628354901 -2.837829
-0.1094081897513452 0.025476409494537194 0.9936703681677341 -28.35178 -0.2700562746683415 0.9613075930489516 -0.054381247307212374 -16.66271 -0.9566083088326125 -0.2742966716999999 -0.09829485930968879 -2.803763
-0.11213151618161443 0.02828634061081961 0.9932906956242272 -28.22839 -0.2668080562801117 0.9620319062459434 -0.057515845371736124 -16.67544 -0.9572042541604385 -0.2714672987666201 -0.10032707270479635 -2.770044
-0.11493003654095418 0.031193028158914032 0.9928837201278765 -28.10526 -0.26344569210596624 0.9627600118099411 -0.06074147652576288 -16.68736 -0.9578034527038951 -0.2685519589464924 -0.10243237444527992 -2.736691
-0.11779706482049318 0.03419147448289543 0.9924488876472995 -27.98237 -0.25997478001356455 0.963488754540361 -0.0640510236542938 -16.69847 -0.9584033416451424 -0.26555670382603735 -0.10460722621537705 -2.703723
-0.12072666972705576 0.03727664711581004 0.9919856464669324 -27.85971 -0.2564010884669528 0.9642150428831331 -0.06743762236941563 -16.70875 -0.9590013310989597 -0.26248771906068563 -0.10684869813311876 -2.671159
-0.1237120809053407 0.04044325979623459 0.9914936529172158 -27.73726 -0.25273025714224945 0.9649359870279433 -0.07089399172864455 -16.71817 -0.9595950907350885 -0.2593508890971128 -0.10915300344770262 -2.639016
-0.1267469229664694 0.04368616031483939 0.9909726216780554 -27.61502 -0.2489683185465672 0.9656487201073417 -0.07441320927865035 -16.72672 -0.9601822711749197 -0.25615243264899773 -0.11151653406277362 -2.607314
-0.12982524285629066 0.04699995099721507 0.9904223396731138 -27.49296 -0.2451211526953415 0.9663505820124154 -0.07798828851547687 -16.73439 -0.9607606501197956 -0.25289831405235896 -0.11393601682901772 -2.576071
-0.1329402740243103 0.05037942400538503 0.9898428143797513 -27.37107 -0.24119503733766168 0.9670389743191502 -0.08161235268909799 -16.74115 -0.9613281632751769 -0.24959474310299756 -0.11640715918414724 -2.545305
-0.1360862128293474 0.05381897007886796 0.9892340780307843 -27.24932 -0.23719611882504985 0.9677115197518089 -0.08527846008211833 -16.747 -0.9618828119329811 -0.24624770658687267 -0.118926545012487 -2.515035
-0.13925695549283973 0.05731311010440886 0.9885963320572381 -27.12772 -0.23313079257833613 0.9683659538815281 -0.08897984555456731 -16.7519 -0.9624227417817296 -0.24286330882469206 -0.1214902437566911 -2.48528
-0.1424464077001542 0.06085599195112491 0.98792994143156 -27.00624 -0.22900527409693944 0.9690002788355012 -0.09270946042614124 -16.75585 -0.9629463148946086 -0.23944729662363118 -0.1240942656633564 -2.456059
-0.14564841076893958 0.06444209968491052 0.9872354107449156 -26.88486 -0.22482639932414442 0.9696125065293917 -0.0964607554849684 -16.75883 -0.9634519347675953 -0.23600593842102907 -0.12673423540064782 -2.427388
-0.148857514980752 0.06806553065691108 0.9865133165701051 -26.76357 -0.22060069756315764 0.9702009440594035 -0.1002270441592007 -16.76082 -0.9639381580103589 -0.23254507451811401 -0.1294063980217412 -2.399288
-0.1520681049643104 0.07172048941186476 0.9857644053479948 -26.64236 -0.21633514291961692 0.9707639860339268 -0.10400187189406904 -16.7618 -0.9644036485779759 -0.22907085108770173 -0.13210657739659898 -2.371777
-0.15527368823773718 0.07540093946566032 0.9849897360220288 -26.5212 -0.2120364551617349 0.971300341378373 -0.10777842326134637 -16.76176 -0.964847461220423 -0.22558888528904117 -0.13482963847223 -2.344873
-0.15846995597419394 0.07910081572459793 0.984190191987931 -26.40009 -0.20771170752393048 0.9718087912664786 -0.11155052565846156 -16.76068 -0.9652684184262066 -0.22210523219611267 -0.1375723308666416 -2.318596
-0.16165035248197002 0.08281413644165789 0.9833671655835767 -26.27901 -0.2033681151324412 0.9722883419410681 -0.11531170744103572 -16.75854 -0.965665870417886 -0.2186257051010044 -0.14032899835442303 -2.292962
-0.16481025287966988 0.08653469004100085 0.9825219223840493 -26.15794 -0.19901284724354396 0.9727381958546512 -0.11905582286245715 -16.75533 -0.9660390608964824 -0.21515610552560865 -0.14309571299412183 -2.267992
-0.16794452495509604 0.09025601405578484 0.9816559929345764 -26.03686 -0.1946531326156549 0.9731577944513082 -0.1227764841554671 -16.75103 -0.966387497073777 -0.21170205248279328 -0.14586790762211288 -2.243703
-0.1710476651145107 0.09397214492090997 0.9807710906413573 -25.91577 -0.19029659122778622 0.9735466496888987 -0.12646789413366966 -16.74561 -0.9667108686809923 -0.20826943332732178 -0.148640302460528 -2.220114
-0.1741153170146737 0.0976763508468228 0.9798689641304739 -25.79464 -0.18595043426699953 0.9739046327303331 -0.13012379621848216 -16.73907 -0.9670089412082981 -0.20486360543455043 -0.15140875401231885 -2.197244
-0.1771422331758999 0.1013626123899988 0.9789516076062851 -25.67346 -0.18162264834287575 0.9742315833318897 -0.1337386841850902 -16.73138 -0.9672816770901717 -0.20149055275152247 -0.1541678121966797 -2.175111
-0.18012382114493525 0.10502413313912887 0.9780211350040051 -25.55221 -0.17732055971328417 0.9745277643049612 -0.13730642993590045 -16.72253 -0.9675292389168999 -0.1981554138981553 -0.1569127266468076 -2.153734
-0.18305560713173352 0.1086546279981704 0.9770797390756868 -25.43089 -0.17305212648304402 0.9747934267979868 -0.140821648162259 -16.71251 -0.9677518309036307 -0.19486391889217902 -0.15963848814322112 -2.133131
-0.18593324261932764 0.11224743866814639 0.9761297771308396 -25.30946 -0.16882505963035208 0.9750291088891379 -0.144278674999673 -16.70129 -0.9679498584791827 -0.19162136971458565 -0.16234014333748692 -2.113321
-0.1887522993815428 0.11579594364787386 0.9751737634457147 -25.18793 -0.1646472162012208 0.9752354977186121 -0.14767199526897187 -16.68886 -0.9681238885986487 -0.1884330741250835 -0.16501246286387572 -2.094322
-0.191508494407089 0.11929354522659377 0.974214322742794 -25.06626 -0.16052652280370697 0.9754134328308728 -0.1509962599856142 -16.67519 -0.9682746160291928 -0.18530430410641538 -0.16765017993773895 -2.076153
-0.19419791487903082 0.12273368463322296 0.9732541356259369 -24.94445 -0.15647101992691773 0.9755638801572287 -0.154246347300682 -16.66028 -0.9684028034757372 -0.1822403862729803 -0.17024820654388162 -2.058833
-0.19681674554569967 0.12610954525146642 0.9722960203915615 -24.82249 -0.15248859986521748 0.9756880278602178 -0.15741695970061287 -16.64411 -0.9685093678348934 -0.17924635250600535 -0.1728014743263146 -2.042379
-0.19936081281576662 0.12941467745422874 0.9713429402496604 -24.70035 -0.14858747506147085 0.9757871032613061 -0.16050324409109734 -16.62666 -0.9685953895039426 -0.1763274521120507 -0.17530430988249773 -2.026812
-0.20182652143443758 0.13264219806146055 0.9703979093851652 -24.57801 -0.1447756784551677 0.9758625569373164 -0.16350007001713918 -16.6079 -0.9686619937695095 -0.17348866608855978 -0.17775158104864153 -2.012148
-0.20421033506756758 0.1357853561470592 0.9694640148595555 -24.45548 -0.14106109566768907 0.9759159681730586 -0.1664024950349995 -16.58783 -0.96871043472269 -0.17073476541366217 -0.18013809574467843 -1.998407
-0.20650861644083968 0.13883754597208742 0.9685444373719455 -24.33272 -0.13745209378183854 0.9759489221531703 -0.16920586060492607 -16.56643 -0.9687420261610821 -0.16807092900473156 -0.18245835024138418 -1.985607
-0.20871784742598876 0.14179211485746016 0.9676424217292822 -24.20972 -0.13395674330941096 0.9759631620624272 -0.17190548920568052 -16.54368 -0.9687582005267351 -0.16550197117060747 -0.184706920419472 -1.973767
-0.21083467803033795 0.1446421518727443 0.9667612872066534 -24.08647 -0.13058309695921352 0.9759605622234374 -0.1744965208050074 -16.51956 -0.968760441661603 -0.16303260068505845 -0.1868785107642984 -1.962905
-0.21285578748783868 0.1473811352344887 0.9659043507045226 -23.96295 -0.12733942733015047 0.9759429637871129 -0.17697457919615248 -16.49406 -0.9687502691510137 -0.16066777029454063 -0.18896767874009396 -1.95304
-0.21477782320526345 0.15000240629066242 0.9650750047360149 -23.83915 -0.12423383822023655 0.9759123207390801 -0.1793351490108127 -16.46715 -0.9687292914433198 -0.15841218493750203 -0.19096894921177626 -1.944191
-0.2165976945695544 0.1524990612463514 0.964276658965743 -23.71505 -0.12127435481687775 0.9758706816043836 -0.18157352133157 -16.43883 -0.9686991119903561 -0.15627043579633876 -0.1928771145706984 -1.936375
-0.21831203758344048 0.1548646182957205 0.9635127421296967 -23.59063 -0.11846923158536586 0.9758200159274246 -0.18368543133023435 -16.40907 -0.9686613935807185 -0.15424735497091052 -0.19468656366256637 -1.929612
-0.21991810503935072 0.15709225668952634 0.9627866066601116 -23.46588 -0.11582639438129885 0.975762402818429 -0.18566631253577792 -16.37786 -0.9686177127435407 -0.1523474848305587 -0.1963923889189031 -1.923921
-0.22141209329811262 0.1591755370334969 0.96210177910211 -23.34079 -0.11335408059106367 0.9756998254438517 -0.18751187440317352 -16.34518 -0.9685698412374308 -0.15057555923500576 -0.1979885441291055 -1.919318
-0.2227915204717647 0.16110762475035156 0.9614615289512 -23.21533 -0.11106017135545931 0.9756343357638171 -0.18921754997143195 -16.31101 -0.9685192701977464 -0.1489361478150796 -0.199470416677836 -1.915824
-0.22405282321478281 0.16288207062669632 0.9608692749161275 -23.0895 -0.10895284940600211 0.9755678547945593 -0.19077902740567176 -16.27533 -0.9684676602839136 -0.1474340251092025 -0.20083226639238216 -1.913456
-0.22519256887092987 0.16449237344227957 0.9603283636364374 -22.96328 -0.10704011796886971 0.9755022759242206 -0.19219189059863223 -16.23813 -0.968416604602855 -0.14607384689256253 -0.20206858039657283 -1.912234
-0.2262077387257126 0.16593181797291756 0.9598420134192933 -22.83664 -0.10532977028763534 0.9754394732147182 -0.19345147604954346 -16.1994 -0.9683675430495149 -0.14486015973619407 -0.20317439722920455 -1.912175
-0.22709520980630266 0.16719390149437008 0.9594133441776398 -22.70958 -0.10382972103268291 0.975381161303525 -0.1945532811454543 -16.15911 -0.9683218239373244 -0.14379773808122928 -0.2041446933168128 -1.913299
-0.22785128741571192 0.16827216701739303 0.9590454987279141 -22.58208 -0.1025478176797073 0.9753289495604558 -0.19549267310676297 -16.11724 -0.9682808145946776 -0.14289128019780897 -0.20497401330729503 -1.915623
-0.22847231289354508 0.16916021501952908 0.9587414791775835 -22.45413 -0.1014919572217298 0.9752842818894332 -0.19626500482438336 -16.07379 -0.968245725454224 -0.1421456687836789 -0.2056570543056182 -1.919167
-0.22895508120400498 0.16985155639872032 0.9585040529803724 -22.32571 -0.10066985897700173 0.9752484649937149 -0.19686546426672707 -16.02873 -0.9682175118662225 -0.1415658161998713 -0.20618915926703385 -1.923949
-0.2292955221360482 0.1703397579595922 0.9583360216472218 -22.1968 -0.10008916797044418 0.975222639285662 -0.19728903233502718 -15.98204 -0.9681971503693557 -0.1411565467237518 -0.20656501962743867 -1.929987
-0.22948972295806336 0.1706187009096693 0.9582399104381576 -22.06738 -0.09975761528772809 0.9752076468953789 -0.19753091815937107 -15.93371 -0.9681853568654801 -0.1409230440228827 -0.20677961798636668 -1.937301
-0.22953708938777978 0.1706866756081665 0.9582164595566177 -21.96501 -0.09967661218039517 0.9752039991730397 -0.1975898099122254 -15.89444 -0.968182471221012 -0.14086596028403314 -0.20683201796054612 -1.943977
-0.22936352000676252 0.17070641823031765 0.958254504015026 -21.83639 -0.09942339591142615 0.9752419328588209 -0.1975301514686581 -15.84701 -0.9682496393159913 -0.1405791277849136 -0.2067127107743636 -1.952378
-0.22884970992659248 0.17076461091095202 0.9583669745598217 -21.71066 -0.09867322355739883 0.9753538416321739 -0.19735368901075065 -15.80557 -0.9684479362460877 -0.13972949321382247 -0.20635954910520193 -1.959634
-0.22800523383763205 0.1708592995101299 0.9585513617504045 -21.58777 -0.09744018634941315 0.9755362856932784 -0.19706436862090054 -15.76999 -0.9687719150691967 -0.13833313076291687 -0.20577881695279354 -1.965772
-0.22683921562307224 0.1709878690777603 0.9588050473812476 -21.46764 -0.09573779951874356 0.9757851671468625 -0.19666616719578078 -15.74013 -0.969215272268663 -0.13640548451003215 -0.20497633960231892 -1.970819
-0.22536116440693504 0.17114736134309733 0.9591250837520858 -21.35021 -0.09357951325805453 0.9760956587625207 -0.1961635533001646 -15.71586 -0.9697707049996592 -0.13396210527703795 -0.20395816746138856 -1.974803
-0.2235803787049772 0.17133455992948277 0.9595083547483626 -21.23542 -0.0909787464939904 0.9764622909087874 -0.19556140242784315 -15.69705 -0.9704301530478746 -0.13101855978041071 -0.20273000529903257 -1.977749
-0.22150576699659452 0.1715457999543983 0.9599516830055854 -21.12322 -0.08794859767999977 0.976879122062406 -0.19486463261634865 -15.68355 -0.9711849666018169 -0.1275900442690908 -0.20129714665150988 -1.979686
-0.21914631399038936 0.17177682951776413 0.9604517759394537 -21.01354 -0.08450185600570231 0.9773398317796842 -0.19407805014594098 -15.67524 -0.972025889262224 -0.12369144698678171 -0.1996649607374788 -1.98064
-0.21651097345566783 0.1720234257568604 0.9610051713514101 -20.90631 -0.08065141047071925 0.9778376237199637 -0.19320696578223628 -15.67198 -0.9729431372708082 -0.11933785077907433 -0.19783864387189065 -1.980639
-0.2136088153543495 0.17228122153703085 0.961608264684024 -20.80147 -0.07641023357437926 0.9783653407653586 -0.19225695356525485 -15.67364 -0.9739264603695807 -0.11454449220627005 -0.19582341304651874 -1.979709
-0.2104488187854286 0.17254537746264625 0.9622574434048773 -20.69897 -0.07179107660345618 0.9789156480780172 -0.1912333529176121 -15.68008 -0.9749652998911983 -0.10932633106561393 -0.19362442341759795 -1.977877
-0.2070394755573048 0.17281114988543264 0.9629490962850686 -20.59874 -0.06680688168233023 0.9794809492655896 -0.19014181703576444 -15.69117 -0.9760489209669969 -0.10369848842222112 -0.1912462480105354 -1.975171
-0.2033905462970902 0.17307351995674286 0.9636793254847561 -20.50072 -0.06147051089649643 0.9800535240274646 -0.18898800578732985 -15.70678 -0.9771661383649636 -0.09767623421862168 -0.18869470395793853 -1.971618
-0.19951064240976968 0.17332758784752972 0.9644444260071174 -20.40485 -0.05579504288975405 0.980625537872309 -0.18777770810608913 -15.72677 -0.9783058911987457 -0.0912748692883314 -0.18597441082639965 -1.967244
-0.19540907309093825 0.1735682729969805 0.9652405652284753 -20.31106 -0.049793703482857686 0.9811891372029765 -0.18651665911746443 -15.751 -0.9794569317980256 -0.08450994996877484 -0.18309065270808766 -1.962078
-0.19109507746813564 0.17379060618411268 0.9660639195051256 -20.21929 -0.04347976725553061 0.9817364803716437 -0.1852106717953957 -15.77935 -0.9806080670720857 -0.07739708204871511 -0.18004863366183138 -1.956145
-0.1865781249620031 0.1739896423413372 0.9669106513238939 -20.12948 -0.036866802309945323 0.9822597898396925 -0.18386555999295395 -15.81167 -0.9817481561852319 -0.0699521952623125 -0.17685374806568488 -1.949472
-0.18186780634215327 0.17416047459884232 0.9677769526620269 -20.04157 -0.029968527048804677 0.9827514246200435 -0.18248705377039756 -15.84784 -0.9828662108358482 -0.06219136993812647 -0.17351151288142508 -1.942088
-0.17697377651266588 0.17429843584904758 0.9686590409878083 -19.95551 -0.022798899231321085 0.9832038936474375 -0.18108095899447446 -15.88772 -0.9839514686307883 -0.054130941032776506 -0.1700274936656453 -1.934019
-0.1719061064486293 0.17439891697939092 0.9695531487866396 -19.87121 -0.015372133701170451 0.9836099425767317 -0.17965293866138501 -15.93118 -0.9849933949378267 -0.045787537830872166 -0.1664076720233793 -1.925292
-0.16667465006630283 0.1744574852207045 0.9704556387984686 -19.78863 -0.007702603745579073 0.983962596427209 -0.17820852596821712 -15.97808 -0.9859818613548703 -0.037177878942911635 -0.1626578445587304 -1.915934
-0.16128956696224678 0.17447000977291083 0.9713629040060011 -19.7077 0.0001948955675897257 0.98425517104177 -0.1767532751980978 -16.02828 -0.9869071068772629 -0.028319144891348166 -0.15878409374926133 -1.905972
-0.1557612350930207 0.1744325575567468 0.9722714232695049 -19.62836 0.008305473140250985 0.9844813576026596 -0.17529254304944283 -16.08166 -0.9877598173433728 -0.019228608816979242 -0.15479277710781686 -1.895434
-0.15009996221862898 0.17434148737358562 0.973177808585015 -19.55054 0.01661392652305739 0.98463524405486 -0.17383156678380576 -16.13808 -0.9885312229704496 -0.009923807000952856 -0.15069020959291013 -1.884345
-0.14431684907862824 0.1741934709849049 0.9740786835457631 -19.47419 0.0251048099924525 0.9847113567225876 -0.1723754404107597 -16.1974 -0.9892130183066026 -0.00042262015050702206 -0.14648353424514676 -1.872735
-0.13842257376492806 0.17398543062797478 0.9749709026435052 -19.39925 0.03376234379390734 0.9847047173037811 -0.1709290023993083 -16.25949 -0.9897976031562388 0.009256870360922348 -0.14217951729164802 -1.860628
-0.13242809530459365 0.1737147849035881 0.9758514093241334 -19.32565 0.04257065332084009 0.9846108360999523 -0.16949702330834526 -16.32423 -0.9902780109897594 0.01909646408246843 -0.13778528952581504 -1.848053
-0.12634429910372236 0.17337920408165913 0.9767173437980917 -19.25332 0.051513602574727285 0.984425789124742 -0.16808395061963072 -16.39146 -0.9906480034975907 0.02907778014463626 -0.1333079737603794 -1.835037
-0.1201825378047297 0.172976840740808 0.9775659415988999 -19.18221 0.06057488327080678 0.9841462116130062 -0.16669408413166942 -16.46106 -0.9909020340697373 0.03918222473389053 -0.128755241218989 -1.821606
-0.11395447269143388 0.17250617258418702 0.978394602690536 -19.11226 0.06973787952339228 0.9837693622639934 -0.16533139456944168 -16.5329 -0.9910353204165824 0.04939091304126974 -0.12413513360749917 -1.807788
-0.10767091108433996 0.17196615628375783 0.9792010089860295 -19.0434 0.07898598614906227 0.9832931009381829 -0.16399966963208368 -16.60683 -0.991043989386106 0.059685163486101124 -0.11945498047929642 -1.79361
-0.10134365643041227 0.17135619227760585 0.9799829175396042 -18.97558 0.08830239073814078 0.9827159387657523 -0.16270240159774857 -16.68273 -0.9909248967965449 0.07004597821336016 -0.11472318791286346 -1.779099
-0.094984525895282 0.17067611772202795 0.9807382946942494 -18.90872 0.09767022243606129 0.9820370453616891 -0.16144277372051566 -16.76047 -0.9906757630474959 0.08045436207328832 -0.10994829754771734 -1.764281
-0.08860460359600097 0.16992621750597203 0.9814653864633783 -18.84277 0.10707244420042654 0.9812562588116535 -0.1602237380537101 -16.8399 -0.9902952670363229 0.09089133702983165 -0.10513823728019933 -1.749184
-0.08221547856227712 0.16910722086380314 0.9821625949589494 -18.77767 0.11649207799495127 0.98037409443067 -0.1590478881773117 -16.92089 -0.9897829109704788 0.10133796337486443 -0.10030157690605207 -1.733835
-0.07582887283343892 0.16822038743732795 0.9828285116413978 -18.71335 0.1259121619889603 0.9793917356623947 -0.15791755943994273 -17.00331 -0.9891390749071011 0.11177535223222203 -0.09544716405051906 -1.718262
-0.06945629882712284 0.1672673317364517 0.9834619780586361 -18.64975 0.1353156501433857 0.9783110719932608 -0.15683469399871283 -17.08703 -0.9883650628080246 0.12218463957946948 -0.0905837539039141 -1.70249
-0.0631090551461273 0.16625018735635116 0.9840620520894713 -18.58681 0.14468556725539344 0.9771346557875231 -0.15580099835040725 -17.17191 -0.9874630797080709 0.13254712242435415 -0.08572004754125606 -1.686548
-0.056799062888307994 0.16517148967578685 0.9846279731214684 -18.52447 0.1540050385612152 0.9758657298717162 -0.15481771655628165 -17.25782 -0.9864361685140952 0.14284416775011846 -0.08086550059826109 -1.670462
-0.05053687269115359 0.16403444533855177 0.9851592385198811 -18.46267 0.1632574997874145 0.9745081007828927 -0.15388616010441575 -17.34462 -0.9852882894167374 0.1530577088911016 -0.07602844525075014 -1.654259
-0.044334093323277424 0.1628423679883833 0.9856555439691591 -18.40134 0.17242622262756652 0.9730663371682702 -0.15300686657897178 -17.43217 -0.9840242303518708 0.16316944155650703 -0.0712183081977229 -1.637967
-0.03820193510797909 0.16159908795043132 0.9861168018686198 -18.34042 0.1814946990506623 0.9715456068320772 -0.15218018288134785 -17.52036 -0.982649625436511 0.17316139471279304 -0.06644430006106627 -1.621612
-0.03215077731373689 0.1603088075206315 0.986543163652476 -18.27985 0.19044668177542776 0.9699516554564864 -0.15140623328631886 -17.60903 -0.9811709274733185 0.18301604385554665 -0.06171498013135196 -1.605222
-0.02619167694631691 0.1589764845946189 0.9869348881282275 -18.21957 0.1992663414535404 0.968290730973177 -0.15068505392092488 -17.69805 -0.979595284401911 0.19271621015723586 -0.057039820478077374 -1.588823
-0.020335204497630932 0.15760690620071272 0.9872925314089432 -18.15952 0.2079378447262617 0.9665697455777607 -0.15001593136843827 -17.7873 -0.9779306377185636 0.20224487645323097 -0.0524278338268972 -1.572442
-0.014591779939217342 0.15620550511358683 0.9876167880966861 -18.09963 0.21644551246247518 0.9647961068581832 -0.14939816707760978 -17.87664 -0.9761856483748682 0.21158523663881207 -0.04788807308125825 -1.556108
-0.008971371245970583 0.1547779343183994 0.9879085512060801 -18.03985 0.2247742388432524 0.9629776493460535 -0.14883073745831538 -17.96593 -0.9743695685161784 0.22072117684553677 -0.043429322370004575 -1.539846
-0.0034838188193744846 0.15333023550909203 0.9881688630417174 -17.9801 0.232909057517166 0.9611226695548092 -0.14831245731327788 -18.05503 -0.9724922796263729 0.22963678482892022 -0.039060377885230146 -1.523684
0.0018605737684291856 0.15186857194953196 0.9883989453248428 -17.92033 0.2408350728870396 0.9592399723687401 -0.14784161483666408 -18.14383 -0.9705642719226514 0.23831620226922895 -0.03479054186449815 -1.507648
0.007052830284445144 0.15039952129955209 0.9886001424124137 -17.86048 0.2485380685960067 0.9573385754781155 -0.14741668955752432 -18.23217 -0.9685964515955784 0.24674447490146237 -0.030628060043955074 -1.491767
0.012083107951186 0.14892987195407525 0.9887739335874419 -17.80048 0.2560040218848217 0.9554278837166832 -0.14703570925273965 -18.31993 -0.9666001961933568 0.25490675208084074 -0.02658210794051291 -1.476067
0.016942631607725966 0.14746635549242812 0.9889219490091146 -17.74028 0.26321884901079085 0.9535176829880765 -0.1466965090057865 -18.40698 -0.9645873650217691 0.26278832208991165 -0.02266082552621368 -1.460574
0.02162252026563799 0.146016075890452 0.9890458898347011 -17.67981 0.27016913620773175 0.9516178788482594 -0.14639689374131998 -18.49317 -0.9625700517147467 0.27037514352819675 -0.0188726602252261 -1.445317
0.02611357714544904 0.14458628766204634 0.9891475554783407 -17.619 0.27684162959228065 0.9497386181623728 -0.14613442200835958 -18.57838 -0.9605606660765156 0.27765331366856555 -0.01522643081966385 -1.430322
0.030407542901939644 0.14318423675371666 0.9892288186662993 -17.5578 0.283223201653415 0.9478902197140131 -0.14590664623556 -18.66246 -0.9585718540515654 0.2846092157955808 -0.011730085437405335 -1.415616
0.03449584191642896 0.14181727214390777 0.9892916143443939 -17.49615 0.28930112147335957 0.9460830747777582 -0.14571093553099806 -18.74529 -0.9566163797493397 0.29122959489159583 -0.008391963688182569 -1.401227
0.0383700880647857 0.14049267870729082 0.9893379319380968 -17.43398 0.2950625731226852 0.9443277354434859 -0.1455445155764982 -18.82674 -0.954707187719942 0.2975011517655477 -0.005220192913285737 -1.387181
0.04202233842778852 0.1392180542770499 0.989369726864721 -17.37123 0.3004954709363439 0.9426345361389605 -0.14540496286176596 -18.90666 -0.9528570695648981 0.30341137856283346 -0.002222687291470682 -1.373505
0.04544447107449595 0.13800066662441002 0.9893890114914244 -17.30783 0.3055873361639847 0.9410139994938371 -0.1452894790850769 -18.98492 -0.9510789557260529 0.30894735598129275 0.0005926273780859082 -1.360227
0.04862843002981898 0.13684780677249841 0.9893977731804289 -17.24374 0.3103259952072021 0.9394764950419281 -0.1451953579230178 -19.0614 -0.949385618435151 0.3140964709214203 0.003217835175207462 -1.347373
0.05156606724164137 0.13576677971601225 0.9893979594858553 -17.17888 0.3146995323626834 0.9380321909917182 -0.1451199951556812 -19.13594 -0.9477896101139422 0.3188463425990964 0.005644888948486693 -1.334971
0.05424973735526151 0.1347645173231272 0.989391475032785 -17.11319 0.3186956445593784 0.93669122824597 -0.14506077714509474 -19.20843 -0.9463033615790275 0.323184262917799 0.007866388403293678 -1.323047
0.056671674909251124 0.13384790481931033 0.9893801390964249 -17.04662 0.3223024149829614 0.9354633739925278 -0.1450152723497319 -19.27873 -0.9449388734511514 0.32709786653843653 0.00987477325674252 -1.31163
0.05882357084072548 0.13302399716534025 0.9893656572226983 -16.97909 0.3255078420013489 0.9343580946240313 -0.14498136365124586 -19.3467 -0.9437078108764232 0.33057460154813084 0.011661925318038502 -1.300745
0.06069762264992096 0.13229892177599337 0.9893496823174086 -16.91055 0.3282995022605363 0.9333847084637181 -0.14495662393138187 -19.4122 -0.9426214698489166 0.33360153072641846 0.01322056265287297 -1.29042
0.06228537574041254 0.13167913751057864 0.9893336831996301 -16.84094 0.3306653632761611 0.9325518977024909 -0.14493921353770262 -19.47511 -0.9416904743589162 0.3361659751312638 0.014542615505007295 -1.280681
0.06357864783704348 0.13117065046735776 0.9893189657512806 -16.77018 0.33259281499478993 0.9318680353110392 -0.14492751353481959 -19.5353 -0.9409249571315743 0.33825467509188123 0.015620493764001986 -1.271557
0.0645693784929044 0.13077888971585389 0.9893066649758956 -16.69823 0.3340690308702634 0.9313410017681407 -0.14492005050688872 -19.59261 -0.9403343437174053 0.33985411639437985 0.01644693270346348 -1.263074
0.06524830779919688 0.1305093174660864 0.9892977187802859 -16.62502 0.3350812159597381 0.9309779883940644 -0.1449157128702221 -19.64693 -0.9399272509297115 0.34095058759338953 0.01701351755040137 -1.255259
0.06560716954462881 0.13036644169581785 0.989292823275249 -16.55049 0.3356157984224565 0.9307857284164212 -0.14491364195812978 -19.69811 -0.9397115169846538 0.34152967463440553 0.017313179676700485 -1.248139
0.06566477108660052 0.13034346877119646 0.9892920286683992 -16.506 0.3357017237955337 0.9307547928626105 -0.14491331272173164 -19.72671 -0.9396768010751632 0.3416227388684356 0.01736127325909964 -1.244286
0.06559439030723974 0.13025385263355438 0.9893085008400248 -16.43004 0.3353309011773028 0.930906388051399 -0.14479807802839031 -19.77393 -0.939814110702664 0.34124365277498436 0.01738409517192091 -1.237434
0.06538655442164515 0.12998814981795168 0.9893572051629134 -16.35426 0.334232007227486 0.9313545040587448 -0.14445675170851363 -19.82035 -0.9402199550347519 0.34012037380373905 0.01745186173604024 -1.229565
0.06504534086846642 0.12955079705609346 0.9894370594501887 -16.27864 0.3324246085887247 0.9320879796632628 -0.14389537091890914 -19.86596 -0.9408841497421128 0.3382729506617225 0.01756210735286795 -1.220712
0.06457569658299284 0.1289460655417126 0.989546811218213 -16.20319 0.3299276785271681 0.9330939634857269 -0.14312016716092257 -19.91075 -0.9417949385893379 0.3357209667086778 0.017712316610087153 -1.210906
0.06398305707454605 0.1281776540275536 0.9896851304406813 -16.12792 0.32675907360567386 0.9343583741938202 -0.1421370338449598 -19.95474 -0.9429393809910356 0.3324829583330162 0.01789989369713124 -1.200178
0.06327252551099366 0.12724919976952126 0.9898506092706499 -16.05282 0.32293625333635295 0.9358657934213312 -0.14095173991455612 -19.99791 -0.944303321923914 0.3285770196801327 0.018121212475499193 -1.188561
0.06244981506649394 0.12616390708827485 0.9900417613143305 -15.9779 0.3184759493954725 0.937599763853468 -0.13956988385240413 -20.04028 -0.9458716034720639 0.3240206033111819 0.018372761769656965 -1.176086
0.06152067738449829 0.12492507158377776 0.9902570033804055 -15.90316 0.3133947491203761 0.9395427094982846 -0.13799720378470803 -20.08183 -0.947628058616844 0.31883102659309953 0.0186504424521583 -1.162785
0.06049110237131122 0.1235354211132704 0.990494738130532 -15.8286 0.30770853299228795 0.9416763736790992 -0.1362390031463689 -20.12257 -0.9495558357767269 0.31302493029301875 0.01895013871751855 -1.148689
0.05936764060969463 0.12199791673139802 0.9907532445375271 -15.75422 0.3014333037975646 0.9439815676625172 -0.13430101740158684 -20.1625 -0.951637245283161 0.306619158283717 0.019267723354398913 -1.133831
0.058156518792868594 0.12031518216831427 0.991030814990987 -15.68002 0.2945848344436462 0.9464385635147008 -0.13218858047516546 -20.20162 -0.9538540740793133 0.2996302762272783 0.019598544085228264 -1.11824
0.05686391544797359 0.11849030514495063 0.9913256491721487 -15.60601 0.2871792561759803 0.9490269325082139 -0.12990749091665457 -20.23993 -0.9561875181898873 0.29207521113697155 0.019937429552404906 -1.10195
0.05549683934963795 0.11652564804595066 0.9916359584896423 -15.53218 0.27923226021257874 0.9517260636337614 -0.12746311096454627 -20.27742 -0.9586185089381359 0.2839705497893343 0.020280068381739846 -1.084992
0.05406181881261407 0.11442428704418524 0.9919598793706843 -15.45854 0.27076041311473326 0.9545147648874897 -0.12486137233636259 -20.31411 -0.9611275245442779 0.27533369961959014 0.02062123704287 -1.067398
0.052565763310492286 0.11218882939175799 0.9922955744571739 -15.38509 0.26178003069809036 0.9573718631816817 -0.12210786672341226 -20.34998 -0.963695001572226 0.2661818591635102 0.02095618755797607 -1.049199
0.051015606815194015 0.10982253478341769 0.9926411328949766 -15.31183 0.2523084605575079 0.9602758424512896 -0.11920883832823286 -20.38503 -0.9663011169363193 0.2565332673518413 0.021279900126896623 -1.030427
0.04941818411944221 0.10732826503325987 0.9929947062312505 -15.23876 0.24236288847941395 0.9632054484924902 -0.11617010924629545 -20.41927 -0.9689262476402691 0.2464059810948821 0.021587475869506823 -1.011114
0.04778040305631959 0.1047093449626058 0.9933544111550907 -15.16588 0.2319615406138647 0.9661393797938186 -0.11299797559096897 -20.4527 -0.9715507587150645 0.235819108405398 0.02187398800093665 -0.9912905
0.04610928430080419 0.10196931312070248 0.9937183670854431 -15.0932 0.22112314716114326 0.9690565995756317 -0.10969895445474795 -20.48532 -0.9741552687794789 0.2247922730002204 0.022134730822293558 -0.9709892
0.04441175169420403 0.09911178244896496 0.994084730237439 -15.02072 0.20986695885249618 0.9719364736190095 -0.10627958802634588 -20.51712 -0.9767207665927132 0.2133456018502237 0.02236511295989324 -0.9502414
0.04269439633804506 0.09614067477718882 0.9944516877026839 -14.94843 0.19821313918402964 0.9747587814186055 -0.10274662769223872 -20.5481 -0.9792286454021564 0.2015000960314953 0.02256039279701838 -0.9290788
0.04096423449689107 0.09306001384377127 0.9948174532623966 -14.87634 0.186182386707133 0.9775039265916587 -0.09910697441615658 -20.57827 -0.9816608632170885 0.18927732912656559 0.02271656458610033 -0.907533
0.03922778027877716 0.08987447139275587 0.9951802654023403 -14.80446 0.1737965093610819 0.9801529030476842 -0.09536802389218427 -20.60763 -0.9839999769249506 0.1766999321988256 0.02282935331162672 -0.8856358
0.037491592312900834 0.08658850898824524 0.9955384526059434 -14.73278 0.16107764789200088 0.9826876336437438 -0.09153691076959072 -20.63617 -0.9862293708136176 0.1637908568719634 0.022895050769198566 -0.8634188
0.0357619438309959 0.08320719878873625 0.9958903782260172 -14.6613 0.14804901099440357 0.9850908612045548 -0.08762126177388094 -20.66389 -0.9883332300985367 0.15057409219716292 0.02291002055853758 -0.8409135
0.034045152425674796 0.07973578264262327 0.9962344766984733 -14.59003 0.134734503939295 0.9873463615312683 -0.08362879778639648 -20.69081 -0.9902966934432048 0.13707431319300575 0.022871196254702186 -0.8181517
0.032347294436591345 0.07617982587405775 0.9965692583420535 -14.51896 0.12115876361202021 0.9894390222414097 -0.07956742591016552 -20.7169 -0.9921059452208917 0.12331689014794897 0.02277582186441618 -0.7951651
0.030673737797848877 0.07254514685657326 0.9968933360581096 -14.44811 0.10734707441396762 0.9913549521296745 -0.0754451092035332 -20.74217 -0.9937483219730592 0.10932776662645757 0.022621052588239876 -0.7719852
0.029029985860404006 0.06883788487740691 0.997205397862722 -14.37746 0.09332544504036441 0.9930815387720309 -0.07127004039702226 -20.76663 -0.9952123498173455 0.09513360581718816 0.02240481678695888 -0.7486438
0.02742122281490622 0.06506444585849396 0.9975042327852361 -14.30703 0.07912056083032491 0.994607543441898 -0.06705051366222498 -20.79028 -0.9964878390593788 0.08076170140357664 0.022125419615668496 -0.7251723
0.025852281969182656 0.06123151606900542 0.9977887356333888 -14.23681 0.06475949395457291 0.9959231925616276 -0.0627949238442285 -20.8131 -0.9975659714824545 0.06623968567064575 0.021781565199051722 -0.7016028
0.024327637536945057 0.05734598909196707 0.9980579159482356 -14.16681 0.05026992483545199 0.997020218629042 -0.05851169371959256 -20.83511 -0.998439332512952 0.05159574769262865 0.021372367934545167 -0.6779665
0.022851516991691023 0.05341503515145968 0.9983108945568745 -14.09702 0.03567987297919337 0.997891925245781 -0.05420933677381948 -20.8563 -0.9991019741925081 0.036858371491929415 0.02089750261624196 -0.6542953
0.02142733370379729 0.04944604254973884 0.9985469234074659 -14.02745 0.02101781513902936 0.9985332258728064 -0.049896375367642486 -20.87667 -0.9995494589149291 0.022056420929437028 0.020356656863438738 -0.6306208
0.020058938736140397 0.04544662136754011 0.9987653596230974 -13.9581 0.006312387226522435 0.9989406849146032 -0.04558137547119226 -20.89623 -0.9997788719233278 0.007218907716463583 0.019750813327531147 -0.6069745
0.018748621141740418 0.04142446252655446 0.9989657166838457 -13.88897 -0.008407760797686643 0.9991125408838752 -0.04127275380848436 -20.91496 -0.9997888770953858 -0.007625257566335784 0.019080269479089418 -0.5833884
0.017499102666810373 0.03738749792246019 0.999147614922317 -13.82006 -0.023113648236828824 0.9990487045371805 -0.036978983595624376 -20.93288 -0.9995796820019106 -0.02244684747752681 0.018346617325274928 -0.5598939
0.016312663314736853 0.03334379471597576 0.9993108066910509 -13.75138 -0.037776417561167036 0.9987507695286391 -0.03270844909493586 -20.94998 -0.9991530609930716 -0.03721682038931492 0.017551894150919567 -0.5365227
0.01519087094104199 0.029301452042493834 0.9994551827612153 -13.68293 -0.05236738330084516 0.9982219957504926 -0.028469358372220657 -20.96626 -0.9985123407380978 -0.05190637829886613 0.016698301878335653 -0.5133064
0.01413472054005499 0.025268689816009014 0.9995807636155453 -13.6147 -0.06685799550296928 0.9974672841541352 -0.02426984712556523 -20.98171 -0.9976623768152125 -0.06648691869199302 0.015788335259450947 -0.4902768
0.01314562303014638 0.0212537700203138 0.9996876861575682 -13.5467 -0.08122001565991686 0.9964931419305325 -0.02011783143428024 -20.99635 -0.996609503091031 -0.08093018809652468 0.014825754729827112 -0.4674654
0.01222287568481456 0.01726498793711692 0.9997762357155348 -13.47893 -0.09542545194452806 0.9953076432544552 -0.016021185987441997 -21.01017 -0.9953615345346513 -0.09520827417190614 0.01381304086836116 -0.444904
0.011367485154017865 0.013310636173072647 0.9998467918866074 -13.41139 -0.1094469717049957 0.9939203500987164 -0.011987411907931123 -21.02317 -0.9939276335155787 -0.10929393681404576 0.012755183644633239 -0.4226241
0.010578366431168273 0.0093989838177116 0.9998998736207754 -13.34409 -0.12325751339369323 0.9923422804806767 -0.008023949302786562 -21.03534 -0.9923183378108316 -0.12316029178921488 0.011655855641864443 -0.4006575
0.00985504366170642 0.005538261349791296 0.9999361008462728 -13.27702 -0.13683073925616152 0.9905857996447409 -0.004137914547429317 -21.0467 -0.9905454189026561 -0.13678121655918585 0.010520070700851036 -0.3790357
0.009195835722313972 0.0017365571035196092 0.9999562095285947 -13.21019 -0.1501407931164121 0.9886645685976684 -0.000336217133986752 -21.05724 -0.9886218583704 -0.15013112658277317 0.009352325018111007 -0.3577905
0.008599420761721599 -0.0019980094051532393 0.9999610282010892 -13.14359 -0.16316273433374684 0.9865933991003908 0.003374459404386909 -21.06695 -0.9865616919824617 -0.16318539398473633 0.008158131081832054 -0.3369534
0.008063878811855829 -0.005657476213911966 0.9999514822337118 -13.07724 -0.1758719462449131 0.984388251932063 0.006987702209186902 -21.07584 -0.984380024371957 -0.1759197613147167 0.006942996214819808 -0.3165562
0.007587003588707342 -0.009234030388328776 0.999928582479435 -13.01112 -0.18824479905829278 0.9820660366816547 0.010497391289733066 -21.08391 -0.9820928331904514 -0.18831099882687208 0.005712680349702182 -0.2966305
