-0.44467201683426016 -0.86683903805948 0.22551415425286 -20.8992 0.6476992765300401 -0.48510099000436013 -0.58750525446932 19.38665 0.61866970093478 -0.11518185162044 0.7771620836689399 -2.529543
-0.44457041341715997 -0.8658498995766 0.22947979208391994 0.05705000000000027 0.64690800800392 -0.48755589607140004 -0.5863438835324399 -0.10224999999999795 0.6195700547573999 -0.1122188575004 0.7768782762606 0.043477999999999906
-0.44441817530355987 -0.8644211542800799 0.23509308037112 0.11337999999999937 0.64578835298968 -0.49102706724657985 -0.58467942658198 -0.204819999999998 0.62084627046328 -0.10802174206357998 0.77645427624702 0.08538099999999993
-0.44420722838009996 -0.86253461388876 0.24230940089302 0.16901999999999973 0.6443489117236401 -0.49548243621575994 -0.58250450498364 -0.30763999999999925 0.62249039018922 -0.10262094430203997 0.7758702439035001 0.12573100000000004
-0.44392859948298 -0.8601652475379999 0.25108471673526 0.22399000000000058 0.6425992254696 -0.5008905961800001 -0.5798062184372 -0.41066999999999965 0.62449501477274 -0.09604562686800003 0.77510081586102 0.16455299999999973
-0.4435695768589001 -0.85728004487106 0.26137479444992 0.27834000000000003 0.6405477720717001 -0.5072174694413001 -0.576566397588 -0.5138600000000011 0.6268527819208001 -0.08832431035392005 0.77411522339264 0.20186899999999985
-0.4431172370865002 -0.85384092146026 0.27313547027482005 0.3320900000000009 0.6382042031971 -0.5144298029305001 -0.5727631031737 -0.6171499999999988 0.6295575424883 -0.07948495565518002 0.77287739806316 0.23770299999999978
-0.4425551484910799 -0.84980296054962 0.28632097445114 0.3852800000000016 0.6355774880654199 -0.5224908872609999 -0.56836990744506 -0.7205000000000013 0.63260258364474 -0.06955590029434 0.7713468229090801 0.2720799999999999
-0.4418670948868 -0.8451170696296 0.300883205318 0.4379300000000015 0.63267809052368 -0.53136350072224 -0.5633572258184001 -0.8238400000000006 0.63598113053224 -0.05856678863631998 0.7694790107148 0.3050219999999997
-0.44103370457258007 -0.8397288781774199 0.31677219149394 0.49009000000000214 0.6295158370867799 -0.5410070362022801 -0.55769268607634 -0.9271299999999982 0.63968665845546 -0.046548172907260044 0.76722502350614 0.3365529999999999
-0.44003544368019987 -0.83358071558126 0.33393406575182 0.5417799999999993 0.6261021122281001 -0.5513788976698 -0.5513414682691 -1.0303199999999997 0.6437118258367001 -0.03353297154517998 0.7645329415911599 0.366695
-0.43885130046514 -0.8266116058876001 0.35231061214492 0.5930299999999988 0.62244907906792 -0.5624328952463999 -0.54426680845856 -1.1333599999999997 0.6480483457162001 -0.01955678486079998 0.7613480611307 0.3954749999999998
-0.43745890661809983 -0.81875836888128 0.37183925266746 0.643889999999999 0.6185695370448 -0.5741193468379597 -0.5364314439212801 -1.2361900000000006 0.6526878459705 -0.004658280171200013 0.7576126151939 0.4229129999999999
-0.4358357488666601 -0.80995629464788 0.39245127695000004 0.6943599999999996 0.614477587891 -0.5863848236520002 -0.527797439365 -1.3387600000000006 0.6576203296728801 0.01111952251084003 0.7532674550974999 0.44903499999999985
-0.43395898419687995 -0.80014026362296 0.4140722164553601 0.7445000000000022 0.6101888312794399 -0.5991722127095199 -0.51832708353728 -1.4410299999999978 0.66283469439424 0.027729656972480005 0.7482521945976 0.47386399999999984
-0.43180448133327987 -0.7892448167769199 0.4366205351564399 0.7943400000000018 0.60571946564308 -0.6124187953133798 -0.5079833939468399 -1.542939999999998 0.6683178895335599 0.04512004848683998 0.74250614585334 0.4974219999999998
-0.42934984199079995 -0.77720759381172 0.46000789866416003 0.8438900000000018 0.60108806482092 -0.6260592124057799 -0.49673254937196004 -1.6444299999999998 0.67405641384224 0.06323324597964003 0.7359684395739801 0.5197339999999997
-0.42657154162042 -0.76396806952288 0.4841378464635 0.8932099999999998 0.59631435482888 -0.64002163507792 -0.4845425001888 -1.7454599999999978 0.6800337167037 0.08200629862199998 0.7285801951815 0.540824
-0.42344827257039996 -0.7494696759738001 0.5089073237882 0.9423099999999991 0.59141909854548 -0.65423174321616 -0.47138536105140005 -1.8459800000000008 0.6862324018036401 0.10137018069252005 0.7202840809879999 0.5607139999999999
-0.4199589314573201 -0.73366179924236 0.5342046408418001 0.9912300000000016 0.58642528379764 -0.6686093900837802 -0.4572379711091 -1.9459300000000006 0.6926323848098 0.12124990735489996 0.7110265720598999 0.5794279999999998
-0.4160849575829607 -0.716500126687608 0.559911141462028 1.0400099999999988 0.581356694592552 -0.6830715378675598 -0.442082802248712 -2.045259999999999 0.699211921758412 0.14156404504072803 0.7007583229386393 0.5969909999999998
-0.4118094721136851 -0.6979490348969201 0.58590139707222 1.0886700000000005 0.57623928513732 -0.6975315434476801 -0.42590896380652 -2.143919999999998 0.70594729879018 0.16222608875507996 0.689435408917995 0.613424
-0.4071172707650601 -0.677981394996776 0.6120432141193479 1.1372500000000016 0.5710990668241039 -0.7118988183390599 -0.40871273374461403 -2.2418699999999987 0.712812404342092 0.183143306977306 0.6770207068290398 0.6287529999999999
-0.401997883963942 -0.6565819276065841 0.6381993524745 1.1857800000000012 0.565964213822616 -0.7260824564523402 -0.39049896257233396 -2.3390400000000007 0.71977965366534 0.20421827400686599 0.6634849480685582 0.6429999999999998
-0.3964423239524233 -0.633746547743908 0.66422798780386 1.2342900000000014 0.560862850493092 -0.7399885726138 -0.371281299989764 -2.4353799999999985 0.72681935134946 0.22534918239923596 0.6488076619653369 0.6561889999999999
-0.39044675878973545 -0.609484682205568 0.689985319749216 1.2828100000000013 0.555824234305152 -0.7535250708779402 -0.351083147512528 -2.5308600000000006 0.7339010422882241 0.24643128467179198 0.6329777876235648 0.6683439999999998
-0.3840111911224049 -0.5838190225408599 0.71532566466006 1.3313799999999993 0.55087712138874 -0.7666001076871198 -0.32993747748488 -2.625399999999999 0.7409924795383399 0.26735686046567997 0.615995510534475 0.6794879999999999
-0.3771393835131275 -0.556787413528248 0.740103971650888 1.3800300000000014 0.546050812747352 -0.77912377469322 -0.30788788100816883 -2.7189699999999988 0.748060574161512 0.2880177312428312 0.5978722524510923 0.6896439999999999
-0.3698398078602749 -0.5284418039334793 0.7641778726523449 1.4287799999999997 0.541373395502081 -0.7910100391747401 -0.28498775934563286 -2.8114999999999988 0.7550717898574153 0.30830575114620723 0.5786312899538253 0.6988369999999999
-0.3621262526727951 -0.49884910442165603 0.7874097997260079 1.4776799999999994 0.536872082808904 -0.8021785742616999 -0.261300517898068 -2.90296 0.7619927744980719 0.32811456074225204 0.5583080342351449 0.7070889999999999
-0.3540164650836559 -0.46809099651474 0.80966886974252 1.5267499999999998 0.53257300629966 -0.8125548557307198 -0.23689932827590798 -2.9932799999999986 0.76879051282468 0.347341500196092 0.5369499106110638 0.7144249999999999
-0.34553249010340426 -0.43626250569523806 0.830832428094284 1.5760299999999994 0.528499819195002 -0.8220712156442 -0.211865823631194 -3.082419999999999 0.7754324203690361 0.365888251022886 0.5146167710543559 0.7208669999999999
-0.336701727730907 -0.4034722232311159 0.8507892375910199 1.6255500000000005 0.5246746881814839 -0.8306701118988997 -0.186289912430268 -3.1703200000000002 0.7818878649150599 0.38366342668093195 0.4913795107670329 0.72644
-0.32755482979088824 -0.369839215015994 0.8694403537815679 1.6753299999999989 0.521116391599366 -0.8383028476209 -0.16026753388386794 -3.25694 0.7881277054855519 0.40058323859981193 0.46731968135445184 0.7311669999999999
-0.31812748670468505 -0.33549405884357003 0.88670114697141 1.7254199999999997 0.51784184143939 -0.8449324058953 -0.13390091906172 -3.342209999999998 0.79412531430147 0.41657336130816003 0.44252880190897503 0.7350709999999998
-0.30845596050183977 -0.30057399889336 0.9025021390369599 1.7758399999999988 0.51486344185144 -0.8505310706243998 -0.10729594624111999 -3.4260900000000003 0.7998565346497599 0.43156929342128 0.4171060213232 0.7381759999999999
-0.2985821068257002 -0.26522402005412005 0.91679075801966 1.8266300000000015 0.512191785661 -0.8550847729130402 -0.08056118701988002 -3.50854 0.8053003473893 0.44551851739180004 0.3911582351619 0.740505
-0.2885477856797599 -0.22959168513204004 0.9295311358008 1.8778199999999998 0.5098324307490001 -0.85858969877776 -0.05380569558004006 -3.5894899999999996 0.8104389963849601 0.45837955717780005 0.3647971519330399 0.7420829999999998
-0.2783973024863402 -0.19382765653116002 0.9407051758617601 1.9294399999999996 0.5077889057871601 -0.8610543476552203 -0.02713830030308001 -3.6688899999999993 0.81525812813424 0.47012434498492 0.33813830876887996 0.7429319999999999
-0.2681753866771599 -0.15808189533783995 0.9503116677489201 1.9815199999999997 0.50605988741612 -0.8624982467122 -0.0006656527517600042 -3.746699999999999 0.8197472426557602 0.48073606803692004 0.3112995245165999 0.7430759999999998
-0.2579275678823201 -0.12250223639059998 0.95836681425808 2.0340999999999987 0.5046416437886 -0.8629522835204999 0.02550938669240002 -3.8228600000000004 0.82389960550192 0.4902113009044 0.28439855141318016 0.7425389999999998
-0.24769763736441985 -0.08723204592608 0.9649025144222199 2.0871999999999993 0.50352709669592 -0.8624561131429198 0.05128869652928003 -3.897309999999999 0.82771175844478 0.49855855991272 0.2575516497176601 0.7413439999999998
-0.23752911586792014 -0.052409418214919984 0.96996559060888 2.14086 0.50270589324852 -0.8610589101946401 0.07657970232432007 -3.97002 0.8311839621744801 0.50579730999408 0.23087301448928005 0.7395149999999999
-0.22746440517922017 -0.01816423445415999 0.9736169355477402 2.1951099999999997 0.50216503552424 -0.8588183757212803 0.10129744311031996 -4.0409299999999995 0.8343201745706601 0.51195796260088 0.20447211767549994 0.7370749999999999
-0.2175436293541001 0.01538188026873999 0.9759295689480201 2.2499800000000008 0.50188938693434 -0.8557987046166601 0.12536412477765999 -4.10998 0.8371273314558201 0.51708076570106 0.17845322411179998 0.7340479999999998
-0.20780327161380008 0.04811664737436 0.97698645944272 2.3055100000000017 0.5018612401620801 -0.8520685008162001 0.14870942826684005 -4.177119999999999 0.8396148219939601 0.52121395479968 0.15291478448843998 0.7304579999999998
-0.19827954679626025 0.07993848693243999 0.9768803696117401 2.3617300000000014 0.50206176079116 -0.8477028187630803 0.17127236505172003 -4.24231 0.8417953472056601 0.52441402821252 0.12794789460581993 0.726327
-0.18900403995040005 0.11075624219607999 0.9757105417877601 2.418659999999999 0.50247045082936 -0.8427783904165 0.19299963155798006 -4.305489999999999 0.84368326555912 0.52674326436394 0.10363630240494001 0.7216799999999999
-0.18000562449023982 0.14048912679408002 0.9735814224655999 2.47635 0.5030655875864 -0.8373738039500999 0.21384605683080002 -4.36661 0.8452946205340799 0.5282688015474399 0.08005674426749998 0.7165389999999998
-0.1713113086260002 0.16906801654203993 0.97060225711728 2.53482 0.50382518109252 -0.8315706524916001 0.23377533281984 -4.425609999999999 0.8466480512206399 0.52906211839488 0.05727646863744007 0.7109289999999999
-0.16294353968424025 0.19643259956244002 0.966883516192 2.594100000000001 0.5047264440782 -0.8254484339534401 0.25275729875244 -4.48246 0.8477621816894401 0.5291968152338 0.03535667762136002 0.7048739999999998
-0.15492291865434005 0.22253346851295994 0.9625369271958 2.6542400000000015 0.5057465386247999 -0.8190869350607399 0.27076999121204 -4.53708 0.8486571271679599 0.5287483379297999 0.014350158785760098 0.6983949999999999
-0.14726786321761998 0.24732961547382 0.9576744709459382 2.715250000000001 0.50686332583254 -0.8125654025240201 0.287797289227018 -4.58944 0.8493538131532621 0.5277933043057821 -0.005697672525640074 0.6915189999999998
-0.1399926669686401 0.27078829941790405 0.9524053319333761 2.7771700000000017 0.508054101775536 -0.8059587276203402 0.30382860684258406 -4.63949 0.849872489886464 0.5264071518940561 -0.024746934533940085 0.6842659999999998
-0.13311033996498012 0.29288432151408 0.94683709476702 2.840040000000002 0.5092973747755201 -0.7993406918035602 0.31885852266511994 -4.687159999999999 0.85023402299742 0.52466498610128 -0.04276476521458 0.6766619999999999
-0.12663205869971994 0.31359826579482 0.9410740682692279 2.903880000000001 0.5105719796394199 -0.7927820885800199 0.3328854730350119 -4.73241 0.8504590101147719 0.522640040793988 -0.05972282025473985 0.6687299999999998
-0.12056658360479999 0.332916372987536 0.9352169111233919 2.9687400000000004 0.511857610573584 -0.78635090789346 0.34591109816514404 -4.77519 0.8505679095476479 0.520403103308136 -0.07559836824449997 0.6604929999999998
-0.11492145866255987 0.35082896217717996 0.92936114721918 3.03463 0.51313502713698 -0.7801099813410599 0.35793984369712994 -4.815439999999999 0.85057953572138 0.51802270903743 -0.09037128792665997 0.651975
-0.10970352337857991 0.36732955776965 0.9235986670114759 3.1015900000000016 0.51438590174507 -0.7741209188981197 0.36897768247115803 -4.853119999999999 0.8505131661547239 0.515564139622442 -0.10402564599569983 0.6431989999999999
-0.1049178252181 0.382413742269766 0.9180153566568919 3.1696600000000004 0.515592602814874 -0.7684398183537999 0.379031473911278 -4.888169999999999 0.850386225933388 0.513088998143602 -0.11654683340513985 0.6341889999999999
-0.10056975729586004 0.39607829093684804 0.9126926353768481 3.238859999999999 0.516739084608112 -0.7631204260702602 0.38810842623227204 -4.920549999999999 0.8502156065733921 0.5106558719163681 -0.12792240415296022 0.6249689999999999
-0.09666366277273986 0.408319919795496 0.9077065064945039 3.3092299999999994 0.5178097828706639 -0.7582130285934399 0.39621487666066396 -4.950189999999999 0.850017227824056 0.508318839727576 -0.13814049641433992 0.6155609999999998
-0.09320425969065982 0.41913494310902405 0.903127361453816 3.3808000000000007 0.518790787859136 -0.75376387679336 0.40335642065282395 -4.97705 0.8498054188895441 0.506128623093336 -0.14718947195266013 0.6059899999999998
-0.09019664264409988 0.428517381032976 0.8990204311358478 3.453610000000001 0.5196688353289439 -0.7498164514490399 0.409536442314984 -5.00108 0.849593539897112 0.5041315801938959 -0.1550564458356999 0.5962799999999999
-0.08764596698439986 0.43645883871468805 0.8954451411797759 3.52768 0.520431897378112 -0.7464103747916799 0.41475584168352 -5.022219999999999 0.849393288733824 0.50236983401376 -0.16172734572872005 0.5864529999999999
-0.08555863675865993 0.4429471860381 0.89245594499456 3.60304 0.52106899836206 -0.7435832032194601 0.41901227355959997 -5.040429999999999 0.8492154746124 0.50088120031456 -0.16718616075216014 0.576533
-0.08394226469667998 0.44796592096324406 0.8901015472155399 3.6797299999999993 0.521570431242356 -0.7413690619726601 0.42229972518256403 -5.05565 0.84906920563262 0.499699215820036 -0.17141398831698018 0.5665439999999999
-0.08280470653361993 0.45149320763511996 0.8884240777600859 3.75779 0.52192727263824 -0.7397975830615199 0.424607563936996 -5.067819999999999 0.848961353985514 0.498852227353404 -0.17438795601114 0.5565079999999998
-0.08215700694761985 0.45350108942073003 0.88746099192312 3.8372400000000013 0.5221320403662301 -0.73889780741092 0.42592041665376995 -5.07691 0.8488983347338801 0.49836415480422996 -0.1760818351335401 0.5464509999999998
-0.08199894887316006 0.453990524801278 0.887225389272902 3.900870000000001 0.522182136110482 -0.7386780458946599 0.426240245628208 -5.081859999999999 0.848882856881258 0.49824445170695203 -0.17649500652425992 0.5385229999999999
-0.08209091842804006 0.45456827289732393 0.886921007309636 3.9809699999999992 0.522033715601396 -0.7384613889165 0.42679708114037196 -5.085369999999999 0.848965245288284 0.498038787615668 -0.17667907199409993 0.5288089999999999
-0.08236266111130008 0.45627872469896397 0.886016965942038 4.05875 0.5215932246807959 -0.7378174714184 0.428445796958052 -5.085839999999999 0.849209542172682 0.497428405251468 -0.17722324040025994 0.5197639999999999
-0.08280754135239998 0.459088025190256 0.8845232626968881 4.134219999999999 0.520867852293904 -0.7367519805025 0.43115390584352803 -5.08333 0.849611615723192 0.496422395953592 -0.17811580556033996 0.5113789999999998
-0.08341724733178002 0.46296093002678995 0.8824447213439239 4.2074 0.51986328192153 -0.7352649748140199 0.434887914996972 -5.07789 0.850166852487676 0.495027784845828 -0.17934256745679983 0.503647
-0.08418363195284007 0.467861741372412 0.879783072192132 4.27834 0.5185847194550279 -0.7333545902287399 0.439614068612508 -5.06955 0.850871759963628 0.49325047545265205 -0.18088930605193992 0.49655999999999967
-0.08509731128323994 0.473754014287356 0.8765361471218039 4.347049999999999 0.5170367384464439 -0.73101495510532 0.44529788162934 -5.058359999999999 0.851722662819996 0.4910950277019 -0.18274085001891993 0.4901089999999999
-0.08614762392323994 0.480599922635084 0.872698281166244 4.41357 0.515222928958876 -0.72823644869284 0.45190374006216394 -5.044359999999999 0.8527156085485961 0.48856460286259595 -0.18488025160804 0.48428499999999985
-0.08732342787850012 0.488360713744123 0.868261736616398 4.477930000000001 0.513146563061477 -0.7250081111149802 0.4593951035630332 -5.0276 0.853847313528002 0.48566147637096685 -0.18729043655248 0.47908099999999987
-0.08861343557650003 0.4969964720852441 0.8632160658962441 4.540140000000001 0.5108105765555561 -0.7213157741918801 0.46773476392358326 -5.0081299999999995 0.855114041847956 0.48238756331241683 -0.18995264467938017 0.4744889999999997
-0.09000541666105999 0.5064662581111546 0.8575493573492594 4.600239999999999 0.5082179127142455 -0.71714426751178 0.47688422869902036 -4.98598 0.8565124191111406 0.47874413184953957 -0.19284831591028012 0.4704989999999998
-0.09148615143496008 0.5167270793032288 0.8512480200772593 4.658260000000002 0.5053708184388512 -0.7124763394569003 0.4868033069663824 -4.9612099999999995 0.8580386949556208 0.4747317656505776 -0.1959569081653001 0.4671029999999998
-0.09304248314387997 0.527734992837654 0.84429778476247 4.714230000000001 0.502272076895746 -0.7072942950306 0.497450848647102 -4.93385 0.85968932341341 0.47035131910469796 -0.1992580423357201 0.46429300000000007
-0.09466021462792018 0.539444139282888 0.83668357918432 4.768170000000001 0.49892429873311206 -0.7015792392679201 0.50878387677792 -4.90395 0.8614603503452801 0.46560338242848004 -0.20273010918399997 0.46206099999999983
-0.09632532239219993 0.551806987692898 0.8283904497658059 4.82011 0.495330344739542 -0.6953123969145999 0.520758021706366 -4.871559999999999 0.863347866453674 0.46048899652935393 -0.20635074021556 0.4603989999999998
-0.09802253678994 0.56477403217736 0.8194034179737201 4.8700800000000015 0.49149323150168 -0.6884744094239401 0.53332684538984 -4.83672 0.8653473708268401 0.45500924518471997 -0.21009666812904004 0.459298
-0.09973706311001984 0.5782942367891599 0.8097087446107799 4.91811 0.48741653788044 -0.6810474210602397 0.54644255268404 -4.7994699999999995 0.8674546639469799 0.44916602774435993 -0.21394447463921984 0.45874999999999977
-0.10145364179460015 0.592314955633774 0.799293544938162 4.964230000000001 0.483104607969426 -0.6730138370377802 0.5600556596413001 -4.75986 0.8696649443354381 0.44296207227042006 -0.21787039317282003 0.4587469999999998
-0.10315690450692006 0.606781338440462 0.78814687739901 5.008460000000001 0.478561985247138 -0.6643578759047399 0.5741147122385681 -4.717939999999999 0.87197334782075 0.4364008293448321 -0.22184968820681994 0.459279
-0.10483082024169998 0.621637003529548 0.7762590730817059 5.050840000000001 0.473793948435812 -0.6550640828519999 0.588566616211084 -4.673739999999999 0.8743740659034139 0.429486673990436 -0.22585709354986 0.46033999999999997
-0.10646002256264009 0.6368242377987721 0.763623735356592 5.091380000000001 0.468806804324748 -0.6451206959240001 0.603356901308964 -4.62731 0.876861733266288 0.42222536670639604 -0.22986801012680014 0.46191999999999966
-0.1080292926148001 0.652284028802464 0.7502368164020119 5.130130000000001 0.463607642680016 -0.6345175723979399 0.618429864148174 -4.5786999999999995 0.879430320471428 0.414624033301106 -0.23385741932889997 0.46401099999999973
-0.10952353169649998 0.667955727836942 0.7360977706484559 5.1671 0.458204177725298 -0.6232477313593 0.6337282299445159 -4.527949999999999 0.882073530845864 0.4066911402567639 -0.23779993787976 0.46660499999999994
-0.11092785886577994 0.6837782752564799 0.721208939472176 5.20232 0.45260547414799995 -0.6113063641459201 0.649194032774592 -4.475099999999999 0.884784351612624 0.39843679261100795 -0.24167092035569998 0.46969400000000006
-0.11222763108552025 0.69968976429716 0.70557728265652 5.23583 0.44682123607156 -0.59869360394098 0.6647683119841401 -4.420209999999999 0.88755611149868 0.38987223466226006 -0.24544635240249996 0.4732689999999997
-0.11341005247104008 0.71562806922496 0.6892129469912001 5.26765 0.44086203966400006 -0.5854115763467401 0.68039234899996 -4.36331 0.89038120024304 0.38101122441699997 -0.24910160135153997 0.477322
-0.11446173823170014 0.7315313333756599 0.67213128424568 5.29781 0.43473999345057995 -0.5714681194525 0.69600674513944 -4.30444 0.89325231209704 0.37186847066488005 -0.25261472139423996 0.48184499999999986
-0.11537046421567998 0.7473379460373599 0.6543514984091999 5.32634 0.42846779252136 -0.5568739978947198 0.7115525465976 -4.24366 0.8961613916196 0.3624605774568 -0.25596357633439987 0.48682899999999973
-0.11612550764370011 0.76298723441952 0.6358971263592401 5.35327 0.42205892545855994 -0.5416438508831403 0.72697175876568 -4.180999999999999 0.8991000715381201 0.35280611490584 -0.2591267853060001 0.49226599999999987
-0.11671715297250018 0.7784207937210201 0.6167970659168601 5.37862 0.41552823642214004 -0.5257987019509002 0.7422079356326201 -4.1165199999999995 0.90206088339802 0.3429247772950601 -0.2620863680011601 0.49814899999999973
-0.11713661523763996 0.79358048396958 0.59708411139414 5.402420000000001 0.40889099207166 -0.50936141900884 0.75720515823482 -4.05025 0.90503457238902 0.33283856524954003 -0.2648232870192401 0.504467
-0.1173763425637 0.8084117142295999 0.5767955262915999 5.4247 0.40216300304816 -0.4923604738959999 0.77191048386488 -3.9822499999999987 0.9080129392431199 0.3225699558508 -0.26732168168273995 0.5112129999999997
-0.11743099636578003 0.82286282093604 0.55597357634094 5.445490000000001 0.39536164005516006 -0.474829456921 0.78627348941212 -3.91254 0.91098793254414 0.31214356392628007 -0.2695686263312201 0.5183789999999999
-0.11729602655827986 0.83688464374602 0.5346642503846999 5.46482 0.38850372154302004 -0.45680513030217995 0.8002462713519001 -3.841189999999999 0.9139511069660999 0.30158469710429997 -0.27155144501146017 0.5259559999999999
-0.11696868834689989 0.85043204264894 0.5129172591319799 5.482710000000001 0.3816071047279801 -0.43832807678945984 0.8137844257084599 -3.768229999999999 0.91689410048306 0.29091994558721995 -0.2732605064202 0.5339369999999999
-0.11644751569489986 0.8634633482417399 0.4907860864660799 5.4991900000000005 0.3746896880545799 -0.4194424624366597 0.82684678625696 -3.6936999999999998 0.91980844423776 0.28017675942352 -0.2746877574687998 0.5423119999999999
-0.11573343439010009 0.8759426828301 0.4683270408165 5.5143 0.36776973911166005 -0.4001966157194 0.83939747655762 -3.617659999999999 0.9226869565336201 0.2693828521899 -0.27582909906626013 0.5510739999999998
-0.11482839542506007 0.8878373320514 0.4455999091241 5.52805 0.36086541100540004 -0.3806415348688801 0.8514036275097201 -3.540149999999999 0.9255217784231 0.25856692288972005 -0.2766813093401802 0.5602149999999999
-0.11373627601538017 0.8991204895765201 0.42266605293504 5.5404800000000005 0.35399464669908004 -0.36083077669960006 0.8628378583889601 -3.4612099999999995 0.92830600406784 0.24775739138224007 -0.27724439205322005 0.5697239999999999
-0.11246208914730005 0.9097699197452 0.399588850381 5.55162 0.3471755968666399 -0.34081980461640005 0.87367688560852 -3.380880000000001 0.9310325779274801 0.23698288679379997 -0.27752075440865986 0.5795959999999998
-0.11101246103130002 0.9197684744465 0.37643330069950004 5.561490000000001 0.3404249760875 -0.32066640330468 0.88390254371146 -3.2992099999999986 0.9336952993975001 0.22627157253646007 -0.27751411275161997 0.5898199999999998
-0.10939617348819997 0.9291049708303799 0.35326521690574 5.570120000000001 0.3337604508450599 -0.3004299544193 0.8935019120716199 -3.2162499999999987 0.93628858892378 0.21565170669905998 -0.2772325468450598 0.60039
-0.10762301284680009 0.937773047209 0.33015010643579995 5.577540000000001 0.32719767661092 -0.2801697425267399 0.9024670100021 -3.1320300000000003 0.93880725459044 0.20515051949742008 -0.2766844974560999 0.6112959999999998
-0.10570314618489984 0.9457712113166199 0.3071543049730599 5.583780000000001 0.32075253664581993 -0.25994640024969984 0.9107940493864599 -3.046610000000001 0.9412463872196599 0.19479426584786003 -0.27588141517043985 0.6225299999999998
-0.10364907428304015 0.9531033598600401 0.2843429567186801 5.58887 0.31443990761548013 -0.2398200124804002 0.9184846084721601 -2.96002 0.94360186313444 0.18460882136288004 -0.2748366402532002 0.6340839999999999
-0.10147378896584014 0.9597782328806401 0.26178026301659996 5.592830000000001 0.30827326558080004 -0.21985057117754003 0.9255449325993601 -2.8723199999999984 0.9458703696303601 0.17461836163680017 -0.27356494350194005 0.6459499999999998
-0.09919125794960004 0.96580886219628 0.23952951645083997 5.595690000000001 0.30226565550876006 -0.20009746027450004 0.9319852670386801 -2.7835399999999986 0.9480488495050801 0.16484631078804007 -0.27208295488954015 0.6581189999999999
-0.09681634989599996 0.9712130050466399 0.21765128660248012 5.597480000000001 0.29642941122151995 -0.18061814189730008 0.9378202891734599 -2.6937399999999982 0.95013493141464 0.15531448564382 -0.27040939695234 0.6705829999999999
-0.09436436810754006 0.9760117009401 0.19620528903959994 5.598230000000001 0.2907749144121 -0.16146954059601998 0.94306814481752 -2.60295 0.9521267273676 0.14604361077752004 -0.2685627430325199 0.683333
-0.09185108201139996 0.98023026656052 0.1752483781028401 5.59797 0.28531269348803995 -0.14270676711610014 0.94775072455782 -2.5112099999999984 0.95402307961788 0.1370525208960599 -0.26656436253194005 0.6963619999999999
-0.08929290197729989 0.9838967249994999 0.15483504293350003 5.596730000000001 0.28005126197329994 -0.12438268773651995 0.9518929099786599 -2.4185799999999986 0.9558231775031 0.1283590898056599 -0.2644349753297799 0.7096609999999999
-0.08670663086050007 0.98704226951884 0.13501734148538003 5.594520000000001 0.27499875210283997 -0.10654861581575997 0.9555224989296399 -2.3251099999999987 0.95752692424838 0.11997965578364 -0.2621969912112999 0.7232209999999999
-0.08410852612378 0.9896999949547399 0.11584433992935994 5.5913900000000005 0.2701622664339399 -0.08925288488201993 0.9586691341259199 -2.230819999999998 0.95913416209744 0.11192890116968002 -0.2598727642497999 0.7370349999999999
-0.08151517633652011 0.9919050011408399 0.09736295988804 5.587350000000001 0.26554809864084 -0.07254220347177992 0.96136446725082 -2.135770000000001 0.96064524386196 0.10422044087418014 -0.2574851141833 0.7510939999999999
-0.07894381291747993 0.9936944959065599 0.07961765552676003 5.58245 0.2611617407120399 -0.05646176781379991 0.96364229099712 -2.039999999999999 0.96206146760736 0.09686675701668002 -0.25505761498531987 0.7653899999999998
-0.0764105666601001 0.9951061802647001 0.0626496990091 5.576700000000001 0.2570073646021001 -0.041053356267720054 0.96553700615294 -1.9435499999999983 0.9633838847143 0.08987872779193995 -0.25261265424138024 0.7799139999999998
-0.07393172717219998 0.9961787608086998 0.04649775654310001 5.570130000000001 0.25308943981797993 -0.026356641765959865 0.9670838252884999 -1.8464799999999997 0.96461386072486 0.08326623682898004 -0.2501737582625999 0.7946579999999999
-0.07152328996560009 0.99695078537424 0.031199595184079942 5.56278 0.24941113833672002 -0.012410189920899928 0.9683181000872599 -1.7488199999999985 0.9657527464478399 0.07703888904122003 -0.24776295964953998 0.8096139999999998
-0.06920102398271993 0.9974615904703199 0.016789569678640093 5.55466 0.24597552000231993 0.0007497638920799798 0.96927589358916 -1.65062 0.96680275013736 0.07120456354684002 -0.24540313169063988 0.8247739999999999
-0.06697940689881982 0.99774885090344 0.003301297885960064 5.545810000000001 0.24278480767736005 0.013088868369200035 0.96999182187812 -1.5519299999999987 0.9677650568231599 0.06577102606947999 -0.24311491294097987 0.840128
-0.06487398841121989 0.99785076135308 -0.009234419939279925 5.53626 0.23984186944908004 0.02457429816887985 0.97050091606192 -1.4527800000000006 0.9686419844832801 0.06074544003407989 -0.24092064384234002 0.8556689999999998
-0.06289831901716003 0.99780340628286 -0.020786914121380062 5.52603 0.23714865287682008 0.03517424662510005 0.97083635439654 -1.3532200000000003 0.9694350157834599 0.056134418938620034 -0.23884010935810007 0.871389
-0.06106657614498012 0.99764197739418 -0.03132668394013999 5.51516 0.23470729036582 0.044857710710999865 0.97103052282426 -1.2532999999999994 0.97014605293986 0.05194490685573999 -0.23689315314402015 0.8872789999999999
-0.05939187113849986 0.9973997221349999 -0.04082568763709998 5.50367 0.2325200015946 0.05359535969911999 0.97111394140708 -1.15306 0.9707766948915 0.048183323066919914 -0.23509863620338 0.9033309999999999
-0.057886322404839985 0.997107639914 -0.04925517678503999 5.491580000000001 0.23058943335703996 0.06135756512126006 0.9711149496357 -1.05255 0.9713280760067999 0.04485628837746003 -0.2334744457955399 0.9195359999999999
-0.05656191479892014 0.99679421584484 -0.05658710880383999 5.47894 0.22891810895856007 0.06811583289659995 0.97105961993572 -0.9518099999999983 0.97180106452676 0.041971148866080055 -0.23203703026548017 0.9358859999999998
-0.05543026530163997 0.99648605472966 -0.06279286175321991 5.46575 0.22750897377618007 0.07384053174325989 0.9709722798282601 -0.8508700000000005 0.9721970312694601 0.03953535219137999 -0.23080248975034 0.9523739999999998
-0.05450233920226 0.996206305788 -0.06784344838748002 5.452060000000001 0.22636618497648014 0.07850258653109998 0.97087378470264 -0.7498000000000005 0.9725163687466 0.03755731395960005 -0.22978608117160004 0.9689899999999998
-0.05378763783410018 0.9959743579412401 -0.07170818927598 5.437890000000001 0.22549436662716005 0.08207212354328003 0.9707814073416401 -0.6486400000000003 0.97275859117518 0.036046200137240136 -0.22900110653338013 0.9857259999999999
-0.05329566128442004 0.9958063938849201 -0.07435631926967995 5.42328 0.2248978860613201 0.08451911072718005 0.9707096211438799 -0.5474099999999993 0.97292352071608 0.03501219264852001 -0.22845913666824003 1.0025739999999999
-0.05303546412180005 0.99571520647152 -0.07575447115883999 5.40823 0.2245835697157199 0.08581095935659999 0.97066932384736 -0.44618999999999787 0.97301065385376 0.034466558370760014 -0.22817239525923994 1.0195249999999998
-0.05299331513962002 0.9957000321271001 -0.07597922977712007 5.3992 0.2245329438337001 0.08601898289749998 0.9706623622996 -0.3866499999999995 0.9730243339551201 0.03437892484880001 -0.2281257812731201 1.0295429999999999
-0.052865140564019864 0.99575039768078 -0.07540780974999989 5.383240000000001 0.22455320091022002 0.08543322079597987 0.9707095091764 -0.2857599999999998 0.9730267479435999 0.03438367000600001 -0.22811534860899996 1.0463269999999998
-0.05248565762099988 0.9958973979046 -0.07371468212660004 5.366350000000001 0.2246133103706 0.08369789680717998 0.9708469083390999 -0.1854699999999987 0.9730335771794 0.034398131839899926 -0.22808482993281987 1.0625769999999999
-0.0518608981682 0.99613218564558 -0.07093057721585999 5.34858 0.22471042914197997 0.08084463870700004 0.9710661122501401 -0.08577999999999975 0.97304455247334 0.034421505584940004 -0.22803397737956 1.078301
-0.050997976281759894 0.9964431567957199 -0.06708530398707985 5.33 0.22484170999732006 0.0769035955877399 0.97135586417168 0.013290000000001356 0.97305992013932 0.034453514918079964 -0.22796398071946 1.09351
-0.04990265876712008 0.9968149352696001 -0.06220738733816006 5.31066 0.2250031651112001 0.07190424559199993 0.9717012910216001 0.11175000000000068 0.97307931326584 0.03449359515280004 -0.22787474620488013 1.1082139999999998
-0.04858166577459988 0.9972299655891599 -0.056324665385679984 5.2906200000000005 0.2251906102413599 0.06587484631804008 0.97208534439804 0.20959000000000216 0.97310290373572 0.03454161932183997 -0.22776722442579977 1.122423
-0.04704027317321996 0.9976676977639599 -0.04946498193901999 5.2699300000000004 0.22539893024355984 0.05884393709592001 0.97248808684916 0.30681000000000225 0.9731304855182199 0.03459655556324004 -0.22764141447329989 1.136148
-0.04528403879187998 0.9981052927782199 -0.041655617544700096 5.248670000000001 0.22562282539821998 0.05083965399132012 0.9728872901962999 0.4034000000000013 0.9731617062977 0.03465780279070002 -0.22749756477555994 1.1493969999999998
-0.0433196132857 0.9985187659277399 -0.03292351228841994 5.226890000000001 0.22585627691394 0.041889022829559974 0.97325973006126 0.49934999999999974 0.9731971155679799 0.03472512160505997 -0.2273364482497 1.1621819999999998
-0.04115200853545997 0.9988814499915 -0.02329598591346005 5.204640000000001 0.22609337167145993 0.0320203030132401 0.9735793780455 0.5946700000000007 0.9732361693767 0.03479751330354003 -0.22715830310745988 1.1745109999999999
-0.03878710731940016 0.9991656251984001 -0.012800658145199983 5.181990000000001 0.22632700956680007 0.021261696257179885 0.97381941553866 0.6893400000000014 0.9732789364656 0.034874385462659974 -0.22696294022058017 1.1863959999999998
-0.03623086979700002 0.99934251314142 -0.0014659321520599788 5.158990000000001 0.22655107440241995 0.009642061449900041 0.9739516991334599 0.7833600000000018 0.97332534037494 0.034954870705459995 -0.22675156971665988 1.1978469999999999
-0.033489454588239875 0.9993820167311599 0.010679463728520078 5.135710000000001 0.22675797227427996 -0.0028089736047400282 0.9739470936677399 0.876730000000002 0.9733752042872399 0.03503860568201994 -0.22652377251793998 1.208872
-0.03056904516240011 0.99925409670952 0.0236054951034399 5.1122 0.22694074660856 -0.016061350114959905 0.97377633989512 0.9694399999999987 0.97342892227352 0.035124248319760076 -0.2262806640388001 1.2194829999999999
-0.027475771316800013 0.99892715714192 0.037281138266159974 5.088520000000001 0.22709173562224 -0.030082699551999936 0.9734087743756799 1.0614899999999992 0.9734858458951199 0.03521126444544004 -0.22602166436383997 1.2296889999999998
-0.024216746202259998 0.9983703326366999 0.051674044795799956 5.064730000000001 0.22720402341929996 -0.044840169602979874 0.9728143036038799 1.15287 0.9735460234302 0.03529895841388003 -0.22574786469927988 1.239501
-0.020799196583760005 0.9975529889798 0.06675057604116008 5.040890000000001 0.22727011522116003 -0.06029974865946003 0.9719631963391 1.2435800000000015 0.9736097267138001 0.03538636019465996 -0.22545988518546 1.2489279999999998
-0.017230427567760054 0.9964441378766001 0.08247564677884006 5.017060000000001 0.2272824917011601 -0.07642505769226016 0.9708253816709 1.3336199999999998 0.9736764458414 0.03547298721133996 -0.22515748709026018 1.2579809999999998
-0.01351815378196003 0.9950143667782401 0.09881231359924009 4.9933 0.22723428549524005 -0.09317880253060012 0.9693722247804799 1.4229599999999998 0.9737463955822401 0.03555756720148001 -0.2248418620146001 1.2666689999999998
-0.009670460911439971 0.9932346556162801 0.11572227196464002 4.969660000000001 0.2271182367260401 -0.11052157299970011 0.9675756073280799 1.5116300000000003 0.97381930145808 0.03563941964535994 -0.2245130169409001 1.275002
-0.005696163002100019 0.9910774423764 0.1331654568906001 4.946210000000001 0.22692760555512004 -0.12841224110074018 0.965408793176 1.5995999999999988 0.9738949622691601 0.03571805309887993 -0.2241713657044001 1.282992
-0.0016042616161 0.98851733979976 0.15110010334282004 4.923 0.22665670064559995 -0.14680862937700007 0.9628470088852 1.686869999999999 0.9739735686185 0.03579233691632 -0.22381871900586003 1.2906469999999999
0.0025960919654400283 0.98552983647168 0.16948283677503995 4.9000900000000005 0.22629868154943994 -0.16566576937889993 0.95986667233302 1.7734500000000004 0.97405461718848 0.03586172542953997 -0.2234542946396999 1.2979779999999999
0.006895214409079864 0.9820932646304 0.18826862553088003 4.877549999999999 0.225848366272 -0.1849376906867401 0.9564467194321 1.8593100000000007 0.9741379631468801 0.03592535633450006 -0.22307924810482016 1.3049939999999998
0.011282120646199878 0.9781888406404601 0.2074112625994199 4.855430000000002 0.22530086409122008 -0.20457756060705995 0.95256899797806 1.944469999999999 0.97422397858314 0.03598287531102007 -0.22269492163250004 1.3117059999999998
0.015747234518059983 0.97379944509306 0.22686317472060014 4.833780000000001 0.22465153262010001 -0.22453627283954009 0.94821698100756 2.0289099999999998 0.97431203841444 0.036033247371 -0.22230148076884004 1.3181239999999999
0.020279341178840005 0.96891151613558 0.24657535391261998 4.81268 0.22389664479998006 -0.24476358430035994 0.94337760874062 2.1126299999999993 0.97440198260502 0.036076226600219974 -0.22189977540756 1.324258
0.02486753757821991 0.9635147232574 0.26649787264868 4.792169999999999 0.22303322540979992 -0.2652084884625 0.9380409425536 2.1956300000000013 0.9744936728493201 0.03611104553680011 -0.22149094772327993 1.330118
0.029500538396059928 0.9576019102401201 0.2865806848721001 4.77233 0.2220585705098 -0.28581976037800016 0.9322002502234 2.2778899999999993 0.97458704008438 0.03613719355316003 -0.22107564903330007 1.3357139999999998
0.034166873765359984 0.9511694401228801 0.3067722773804 4.75319 0.22097155894560006 -0.306544326096 0.9258520527168 2.35942 0.9746815398528801 0.03615452335584002 -0.22065500589160003 1.3410559999999998
0.03885491645333994 0.9442177923662 0.3270218163192 4.734829999999999 0.21977106329579998 -0.3273306338260801 0.9189970778429201 2.4402100000000004 0.9747775066688 0.03616227212292 -0.22023027062058004 1.346153
0.043552855544300106 0.9367503277009999 0.34727807325640003 4.717310000000001 0.21845704914124003 -0.34812546872609984 0.9116387988203198 2.5202500000000008 0.97487422485832 0.03616082667920001 -0.21980162043423984 1.351017
0.048249586905259934 0.9287750376135 0.36748996762212 4.700669999999999 0.21703035814361993 -0.3688768338209 0.9037851852908401 2.5995500000000007 0.9749716767378 0.0361492325394 -0.21937051621479997 1.355657
0.05293298394710011 0.9203034985808201 0.38760776714386 4.684989999999999 0.21549297029018 -0.3895337643421801 0.8954476737458601 2.678090000000001 0.9750697874541401 0.03612792771885992 -0.21893824373572007 1.360083
0.05759232688075977 0.91135067540806 0.40758206071414005 4.67032 0.21384711310066007 -0.4100452271977001 0.8866410899957801 2.7558700000000016 0.97516798655474 0.03609649129298009 -0.21850520936489998 1.3643049999999999
0.06221608440539994 0.90193607037698 0.42736487047706007 4.65672 0.21209658512725993 -0.4303623308433 0.87738456912362 2.832889999999999 0.97526634625742 0.03605507608946007 -0.21807317214473987 1.368334
0.06679330858031984 0.8920820208453599 0.4469100820526401 4.64424 0.21024520204944003 -0.4504373942305002 0.86770016381158 2.9091400000000007 0.9753645002618401 0.03600399072202004 -0.2176423556468201 1.372178
0.07131412748221977 0.8818147734989001 0.46617284769266004 4.632950000000001 0.20829839120209998 -0.4702244134693002 0.8576135357263002 2.9846199999999996 0.97546204380766 0.035943033781699996 -0.2172143209765201 1.3758489999999999
0.07576774997525992 0.8711640342475401 0.48511071649974 4.622910000000001 0.20626184121834001 -0.48967974476490006 0.8471538783878201 3.05931 0.9755589345019401 0.03587291797242004 -0.21678978728100007 1.3793559999999998
