0.7771620647139843 -0.5875053044434729 0.22551417343546093 -20.8992 0.11518186141799577 0.48510111632946695 0.8668391117942191 -19.38665 -0.6186697535598316 -0.6476993316243944 0.44467213972041264 -2.529543
0.7768782666888117 -0.5863439086862419 0.22947980192846576 -20.84215 0.11221886231452183 0.4875559598866582 0.8658499367210428 -19.2844 -0.6195700813365848 -0.6469080357558867 0.4445704753883667 -2.486065
0.7764542919514681 -0.5846793855073059 0.2350930638554514 -20.78582 0.10802173447487809 0.49102696249952027 0.8644210935530978 -19.18183 -0.6208462268478268 -0.6457883076220052 0.4444180738308502 -2.444162
0.7758702336346226 -0.5825045316720521 0.2423094119948279 -20.73018 0.10262094900378912 0.49548250473377337 0.8625346534072169 -19.07901 -0.6224904187096518 -0.6443489412455563 0.44420729454885444 -2.403812
0.7751008461934613 -0.5798061402379922 0.2510846828711424 -20.67521 0.09604561391420322 0.5008903937529615 0.8601651315264106 -18.97598 -0.6244949305462969 -0.6425991388014188 0.443928404738479 -2.36499
0.7741152099374287 -0.5765664319321597 0.26137481001915486 -20.62086 0.08832431561510803 0.5072175592212762 0.8572800959364063 -18.87279 -0.6268528192603539 -0.6405478102270193 0.44356966284758104 -2.327674
0.772877413021306 -0.5727630654518967 0.27313545228629665 -20.56711 0.07948495042035283 0.5144297031911441 0.8538408652268555 -18.7695 -0.6295575010260521 -0.6382041611653887 0.4431171420437431 -2.29184
0.7713468095649232 -0.5683699406150218 0.28632099116077864 -20.51392 0.06955590435360934 0.522490976113284 0.8498030101439622 -18.66615 -0.6326026205633088 -0.6355775251576037 0.4425552326783292 -2.257463
0.7694790182422324 -0.5633572074225339 0.3008831954929602 -20.46127 0.058566786723880215 0.5313634507170981 0.8451170420331483 -18.56281 -0.6359811097649131 -0.6326780698642104 0.4418670478040737 -2.224521
0.7672250185565966 -0.5576926979346769 0.31677219822953384 -20.40911 0.04654817389702359 0.5410070689690369 0.8397288960327518 -18.45952 -0.639686672057252 -0.6295158504723077 0.441033735213583 -2.19299
0.7645329384315097 -0.5513414756673582 0.33393407023276434 -20.35742 0.033532971995147154 0.5513789184872105 0.833580726766788 -18.35633 -0.6437118344744437 -0.6261021206295451 0.4400354630035317 -2.162848
0.7613480593342357 -0.5442668125555559 0.3523106147969558 -20.30617 0.019556785008014665 0.5624329070076919 0.8266116121099604 -18.25329 -0.6480483505944165 -0.6224490837534368 0.4388513112961652 -2.134068
0.7576126144702524 -0.5364314455227961 0.3718392537775861 -20.25531 0.004658280185107333 0.5741193515374933 0.8187583713256832 -18.15046 -0.6526878479190996 -0.6185695388915393 0.4374589109096335 -2.10663
0.7532674554420005 -0.5277974386280628 0.39245127640204003 -20.20484 -0.011119522495314393 0.5863848214370103 0.8099562935169787 -18.04789 -0.6576203287546778 -0.6144775870330358 0.43583574686187443 -2.080508
0.7482522509419082 -0.5183269675291944 0.4140721237808179 -20.1547 -0.027729650766235903 0.5991718547947733 0.8001400845415592 -17.94562 -0.6628345460435433 -0.610188694711546 0.4339586632589207 -2.055679
0.7425061442913539 -0.5079833970283232 0.4366205378050282 -20.10486 -0.04512004876054315 0.6124188050944898 0.7892448215645659 -17.84371 -0.6683178935876498 -0.6057194693174409 0.4318044900187635 -2.032121
0.7359684578179494 -0.4967325150488906 0.46000786687867895 -20.05531 -0.06323324161036911 0.6260591000488522 0.7772075401084743 -17.74222 -0.674056367266502 -0.601088023287126 0.4293497432260343 -2.009809
0.7285801900206205 -0.4845425094020753 0.48413785566908113 -20.00599 -0.08200630018129892 0.640021666261915 0.7639680840492594 -17.64119 -0.6800337296341197 -0.5963143661674278 0.42657156874579377 -1.988719
0.7202840710597767 -0.471385377782729 0.5089073418513317 -19.95689 -0.10137018429054828 0.6542318019313808 0.7494697025754401 -17.54067 -0.6862324261607393 -0.5914191195372805 0.42344832309420344 -1.968829
0.7110265454079651 -0.4572380132800248 0.5342046901113383 -19.90797 -0.12124991853774356 0.6686095439791377 0.7336618669077739 -17.44072 -0.692632448691083 -0.586425337883473 0.41995906241971853 -1.950115
0.7007582817112129 -0.4420828631557897 0.5599112186026705 -19.85919 -0.14156406454443238 0.6830717697493893 0.7165002254019861 -17.34139 -0.699212018090942 -0.5813567746878128 0.41608515268124574 -1.932552
0.6894354467239133 -0.4259089119594004 0.5859013257487627 -19.81053 -0.16222606900683298 0.6975313368022973 0.6979489499335825 -17.24273 -0.7059472128531908 -0.5762392149900593 0.4118093002500694 -1.916119
0.677020722903954 -0.4087127134026837 0.6120431836575116 -19.76195 -0.1831432978621303 0.71189873313661 0.6779813612531485 -17.14478 -0.7128123688648996 -0.5710990384000878 0.4071172007318097 -1.90079
0.6634850128597843 -0.3904988873872671 0.6381992295982171 -19.71342 -0.204218234687518 0.7260821241195113 0.6565818011909955 -17.04761 -0.7197795150819208 -0.56596410485419 0.401997614029026 -1.886543
0.6488076648298273 -0.37128129696141865 0.6642279823861034 -19.66491 -0.2253491805611818 0.7399885584216329 0.6337465425747725 -16.95127 -0.7268193454211788 -0.5608628459184303 0.3964423125623813 -1.873354
0.6329777864043418 -0.3510831486788024 0.6899853220413006 -19.61639 -0.24643128549042 0.7535250767030317 0.6094846842302348 -16.85579 -0.7339010447261936 -0.5558242361515624 0.3904467634087053 -1.861199
0.6159955178190102 -0.3299374712259917 0.7153256510903877 -19.56782 -0.26735685539394116 0.7666000741748534 0.5838190114658586 -16.76125 -0.7409924654817702 -0.5508771109386439 0.3840111648678204 -1.850055
0.5978722856391204 -0.3078878555978566 0.740103910569325 -19.51917 -0.2880177074724235 0.7791236278602545 0.5567873675759943 -16.66768 -0.7480605124232822 -0.5460507676812013 0.37713926985635854 -1.839899
0.5786312968247929 -0.2849877546985349 0.7641778601914258 -19.47042 -0.30830574611887895 0.7910100099699803 0.5284417953165449 -16.57515 -0.7550717775449827 -0.5413733866742799 0.3698397855232462 -1.830706
0.5583080414600757 -0.2613005136238716 0.7874097868460329 -19.42152 -0.3281145553751517 0.8021785447827487 0.49884909626178303 -16.48369 -0.7619927620338532 -0.536872074027074 0.36212623039195474 -1.822454
0.5369499990475148 -0.23689928303126542 0.8096687151064603 -19.37245 -0.34734143385845334 0.8125545095566835 0.4680909071155425 -16.39337 -0.7687903659958466 -0.5325729045852503 0.35401620648439575 -1.815118
0.5146168069775428 -0.21186580795101573 0.8308323666044205 -19.32317 -0.36588822394351617 0.8220710807928068 0.4362624734074733 -16.30423 -0.7754323629793242 -0.5284997800807587 0.3455323905206166 -1.808676
0.49137955170484693 -0.1862898974361773 0.8507891691127496 -19.27365 -0.38366339580065434 0.8306699645520393 0.4034721907564691 -16.21633 -0.7818878019825188 -0.5246746459515008 0.3367016201425427 -1.803103
0.46731962924557735 -0.16026754956186565 0.8694404388336278 -19.22387 -0.4005832777864329 0.8383030274508825 0.36983925119511407 -16.12971 -0.7881277825832901 -0.5211164425770118 0.32755495965749976 -1.798376
0.4425288622514586 -0.13390090456785195 0.8867010509920131 -19.17378 -0.4165733162169135 0.8449322061938559 0.3354940225286092 -16.04444 -0.7941252283427803 -0.517841785386516 0.3181273440263073 -1.794472
0.417106003358267 -0.10729594954800697 0.9025021668522935 -19.12336 -0.43156930672234967 0.8505311276582135 0.3005740081571231 -15.96056 -0.7998565593015312 -0.5148634577196554 0.3084560008287678 -1.791367
0.3911583170515327 -0.08056117618434538 0.9167906347106779 -19.07257 -0.4455184574692556 0.8550845234028732 0.26522398438130845 -15.87811 -0.8053002390758542 -0.5121917167708556 0.2985819321655212 -1.789038
0.3647972256122488 -0.05380568933894542 0.9295310279815124 -19.02138 -0.45837950400889 0.858589483194 0.22959165850096655 -15.79716 -0.8104389023795503 -0.5098323716119068 0.2885476362169834 -1.78746
0.33813842431562163 -0.027138295565319492 0.9407050116349749 -18.96976 -0.4701242629113737 0.861054022755368 0.19382762269304182 -15.71776 -0.8152579858077973 -0.5077888171381957 0.27839707930581065 -1.786611
0.31129957597538666 -0.0006656527020232617 0.9503115967428922 -18.91768 -0.48073603211695837 0.8624981075488001 0.1580818835261703 -15.63995 -0.8197471814053329 -0.5060598496039961 0.2681752919207762 -1.786467
0.28439865917642326 0.025509382850912254 0.9583666699365216 -18.8651 -0.4902112270829177 0.8629520029763781 0.12250221794284769 -15.56379 -0.823899481429933 -0.5046415677940358 0.25792737844956437 -1.787004
0.25755177221878145 0.05128868806684239 0.9649023552170173 -18.812 -0.49855847765247574 0.8624558058448266 0.08723203153312806 -15.48934 -0.8277116218755243 -0.5035270136158863 0.24769743149911005 -1.788199
0.23087303778562046 0.0765797000047723 0.969965561229273 -18.75834 -0.5057972946738188 0.8610588538244144 0.05240941662747384 -15.41663 -0.8311839369984755 -0.5027058780218958 0.23752907838399345 -1.790028
0.2044720957118814 0.10129744590702694 0.9736169624281944 -18.70409 -0.5119579767354561 0.8588184270411376 0.018164234955653807 -15.34572 -0.8343201976052895 -0.5021650493884445 0.22746443906811376 -1.792468
0.17845334437389904 0.12536410642623655 0.9759294260866009 -18.64922 -0.5170806900082084 0.8557984329556251 -0.015381878017063949 -15.27667 -0.837127208912962 -0.501889313465278 0.21754345112401408 -1.795495
0.1529147681409488 0.14870943113671198 0.9769864782971128 -18.59369 -0.521213964858338 0.8520685365583816 -0.0481166483029401 -15.20953 -0.8396148381972836 -0.5018612498472592 0.20780329492261612 -1.799085
0.1279479662544349 0.17127235097982263 0.9768802893503372 -18.53747 -0.524413985126174 0.8477026669540921 -0.07993848036461929 -15.14434 -0.8417952780429687 -0.5020617195412972 0.19827944834449412 -1.803216
0.10363650356161913 0.19299958824613567 0.9757103228245277 -18.48054 -0.5267431461553087 0.8427779768709912 -0.11075621734081426 -15.08116 -0.843683076224674 -0.502470338067891 0.1890037731210933 -1.807863
0.08005674651496719 0.2138460563083634 0.973581420087092 -18.42285 -0.528268800256853 0.8373737994613041 -0.14048912645085815 -15.02004 -0.8452946184689831 -0.5030655863573856 0.18000562160742717 -1.813004
0.05727658944530506 0.2337753028620656 0.9706021327368202 -18.36438 -0.5290620505967792 0.8315704177800087 -0.16906799487636026 -14.96104 -0.8466479427246283 -0.5038251165284751 0.17131115852513396 -1.818614
0.035356717925786596 0.25275728819181337 0.9668834757939743 -18.3051 -0.5291967931230637 0.8254483576831224 -0.19643259135515434 -14.90419 -0.8477621462685047 -0.504726422989877 0.16294349109449563 -1.824669
0.014349984492567969 0.2707700390924983 0.9625370974019184 -18.24496 -0.5287484314287605 0.8190872567312312 -0.22253350786371817 -14.84957 -0.8486572772366289 -0.5057466280563353 0.15492312288021592 -1.831148
-0.005697604795538824 0.2877972698449114 0.9576744064500257 -18.18395 -0.5277932687608117 0.8125652804542951 -0.24732959881706487 -14.79721 -0.8493537559523542 -0.5068632916971281 0.14726778595327839 -1.838024
-0.0247468598340172 0.3038285846947027 0.9524052625068646 -18.12203 -0.5264071135210955 0.805958595973225 -0.27078827967852803 -14.74716 -0.8498724279341836 -0.5080540647404389 0.13999258386776742 -1.845277
-0.042764731891135166 0.3188585124754158 0.9468370645091182 -18.05916 -0.5246649693346559 0.7993406343023551 -0.29288431215442867 -14.69949 -0.8502339958266452 -0.5092973584999959 0.13311030375437793 -1.852881
-0.05972284256188087 0.33288548004224344 0.9410740880788153 -17.99532 -0.5226400517955487 0.7927821263180413 -0.3135982723960562 -14.65424 -0.8504590280169144 -0.5105719903869483 0.12663208241529877 -1.860813
-0.07559823226140455 0.3459110544331495 0.9352167928880966 -17.93046 -0.5204030375158969 0.7863506820530966 -0.3329163308984065 -14.61146 -0.8505678020141476 -0.5118575458617134 0.12056644193657395 -1.86905
-0.09037126625266079 0.35793983658213346 0.9293611287456811 -17.86457 -0.5180226987403651 0.7801099459566887 -0.35082895520353097 -14.57121 -0.850579518813873 -0.5131350169370708 0.1149214365005613 -1.877568
-0.10402546454973755 0.36897762182989396 0.9235985152185808 -17.79761 -0.5155640548897804 0.7741206273223953 -0.3673294973992543 -14.53353 -0.8505130263733878 -0.514385817206051 0.10970334099946161 -1.886344
-0.11654672458014942 0.37903143696871977 0.918015267181906 -17.72954 -0.5130889481350367 0.7684396459916201 -0.38241370499755256 -14.49848 -0.8503861430499209 -0.5155925525622931 0.10491771752653895 -1.895354
-0.12792233481901427 0.38810840237505595 0.9126925792731824 -17.66034 -0.5106558405261001 0.7631203176903791 -0.39607826658972045 -14.4661 -0.8502155543102201 -0.5167390528439061 0.10056968964329482 -1.904574
-0.1381404328297025 0.3962148545252779 0.907706455783551 -17.58997 -0.5083188113292637 0.7582129303671327 -0.408319896983836 -14.43646 -0.8500171803360372 -0.51780975394212 0.09666360150529363 -1.913982
-0.1471893850816205 0.4033563901086179 0.9031272930644045 -17.5184 -0.5061285847666944 0.7537637439894118 -0.41913491136998776 -14.4096 -0.849805354537942 -0.5187907485736507 0.09320417690765603 -1.923553
-0.15505627854627435 0.409536383000899 0.8990203009286949 -17.44559 -0.5041315071793843 0.7498161980191838 -0.4285173189698389 -14.38557 -0.8495934168485669 -0.5196687600641365 0.09019648474846576 -1.933263
-0.1617272740139591 0.41475581608016626 0.8954450859029207 -17.37152 -0.502369803001894 0.7464102669837651 -0.43645881177158347 -14.36443 -0.8493932362998023 -0.5204318652512543 0.08764589984276727 -1.94309
-0.1671861050037799 0.41901225354629246 0.8924559023681351 -17.29616 -0.5008811763909422 0.7435831199405947 -0.4429471648815878 -14.34622 -0.8492154340512721 -0.5210689734742112 0.08555858490906015 -1.95301
-0.1714136994993008 0.4222996210625621 0.8901013277567781 -17.21947 -0.49969909261682227 0.7413686326298516 -0.44796581051511974 -14.331 -0.8490689962905767 -0.5215703026466904 0.08394199744556935 -1.962999
-0.17438791376208518 0.42460754866157674 0.8884240457986906 -17.14141 -0.49885220940700464 0.7397975204716378 -0.45149319139247945 -14.31883 -0.8489613234438053 -0.5219272538617071 0.08280466757930749 -1.973035
-0.17608182204769812 0.42592041191470587 0.887460982048659 -17.06196 -0.4983641492591103 0.738897788062826 -0.45350108437478565 -14.30974 -0.8488983252884919 -0.5221320345566536 0.08215699490684597 -1.983092
-0.17649494367844037 0.4262402228593757 0.8872253418792401 -16.99833 -0.49824442509181066 0.7386779530182379 -0.45399050055008583 -14.30479 -0.8488828115357713 -0.5221821082166413 0.08199889107511543 -1.99102
-0.17667901391521423 0.42679706007439094 0.8869209635327172 -16.91823 -0.498038763033317 0.7384613031089905 -0.45456825046060395 -14.30128 -0.8489652033847973 -0.522033689834696 0.08209086501786544 -2.000734
-0.17722326949719902 0.42844580754776934 0.8860169878413524 -16.84045 -0.4974284175461999 0.7378175143713146 -0.45627873597661617 -14.30081 -0.8492095631622425 -0.5215932375727996 0.08236268786360956 -2.009779
-0.1781156390771203 0.43115384491582454 0.8845231377021464 -16.76498 -0.4964223258025946 0.7367517350766597 -0.459087960315095 -14.30332 -0.8496114956619242 -0.5208677786884429 0.0828073883374883 -2.018164
-0.17934259678671766 0.43488792581251196 0.8824447432900758 -16.6918 -0.49502779715702955 0.7352650179695714 -0.46296094154049794 -14.30876 -0.8501668736310862 -0.5198632948503834 0.08341727427606188 -2.025896
-0.18088944381104527 0.43961411989660426 0.8797831748250616 -16.62086 -0.49325053299381516 0.7333547924368355 -0.4678617959517994 -14.3171 -0.8508718592238481 -0.5185847799516102 0.08418375843054332 -2.032983
-0.18274083058874435 0.4452978743139454 0.8765361327219876 -16.55215 -0.4910950196341457 0.731014926668047 -0.47375400650448146 -14.32829 -0.8517226488278178 -0.5170367299525169 0.08509729345716144 -2.039434
-0.18488025777436973 0.45190374241395226 0.8726982857079227 -16.48563 -0.488564605405174 0.728236457686893 -0.4805999251362124 -14.34229 -0.8527156129862813 -0.5152229316401887 0.0861476295757474 -2.045258
-0.18729043051556415 0.4593951012271856 0.8682617322016207 -16.42127 -0.4856614739015647 0.7250081023439764 -0.48836071126099634 -14.35905 -0.8538473091865165 -0.5131465604523239 0.087323422349878 -2.050462
-0.1899527481670243 0.46773480460147826 0.8632161409683046 -16.35906 -0.4823876052646346 0.7213159238910425 -0.4969965153079675 -14.37852 -0.8551141162154008 -0.5108106209796627 0.0886135302508893 -2.055054
-0.19284834549957164 0.4768842405284091 0.8575493786212666 -16.29896 -0.4787441437250643 0.7171443101065353 -0.5064662706743427 -14.40067 -0.8565124403574259 -0.5082179253208844 0.09000544369927377 -2.059044
-0.19595702755703004 0.48680335556369275 0.8512481050568876 -16.24094 -0.4747318130427925 0.7124765104124848 -0.5167271308878131 -14.42544 -0.8580387806131586 -0.5053708688897461 0.09148626039743107 -2.06244
-0.19925811053072395 0.49745087693431084 0.8442978327728973 -16.18497 -0.47035134585091026 0.7072943921147448 -0.5277350228469504 -14.4528 -0.8596893722990667 -0.5022721054571107 0.09304254529900752 -2.06525
-0.20273013812619528 0.5087838890211676 0.8366835993180638 -16.13103 -0.465603393632643 0.7015792802142958 -0.5394441522639365 -14.4827 -0.8614603710752459 -0.4989243107391012 0.09466024096954873 -2.067482
-0.20635059900446057 0.520757960748296 0.828390352797385 -16.07909 -0.4604889426261603 0.6953121984673993 -0.5518069231003472 -14.51509 -0.8633477653932631 -0.4953302867579449 0.09632519406028212 -2.069144
-0.2100966204493333 0.5333268243759258 0.8194033856879402 -16.02912 -0.45500922725664206 0.6884743428954001 -0.5647740099243773 -14.54993 -0.8653473367307963 -0.49149321213607583 0.0980224935261298 -2.070245
-0.2139444982833869 0.5464425633271782 0.8097087603815908 -15.98109 -0.4491660364928297 0.6810474538022365 -0.578294248052678 -14.58718 -0.8674546808425162 -0.4874165473739203 0.09973708452975316 -2.070793
-0.21787038262414782 0.5600556547903375 0.7992935380150231 -15.93497 -0.4429620684336721 0.6730138225468498 -0.5923149505033952 -14.62679 -0.8696649368027721 -0.48310460378498055 0.10145363225428006 -2.070796
-0.22184944454684496 0.5741145977492182 0.7881467202275917 -15.89074 -0.4364007423182394 0.6643575440002494 -0.6067812174367679 -14.66871 -0.8719731739327455 -0.47856188981281206 0.1031566845165347 -2.070264
-0.22585697506655888 0.5885665593240978 0.7762589980535985 -15.84836 -0.429486632479073 0.6550639228843682 -0.6216369434461951 -14.71291 -0.8743739813921554 -0.4737939026419985 0.10483071345600437 -2.069203
-0.22986797930841874 0.6033568861898758 0.763623716221492 -15.80782 -0.4222253561261532 0.6451206547000994 -0.6368242218410498 -14.75934 -0.8768617112936381 -0.4688067925772543 0.10645999483665114 -2.067623
-0.23385738426363678 0.6184298465728808 0.750236795080868 -15.76907 -0.4146240215178152 0.6345175259462286 -0.6522840102650618 -14.80795 -0.8794302954787058 -0.4636076295046492 0.10802926112547395 -2.065532
-0.2377998339608418 0.6337281767401571 0.7360977088497102 -15.7321 -0.4066911061131984 0.6232475950802916 -0.6679556717590296 -14.8587 -0.882073456791791 -0.4582041392569794 0.10952343854696767 -2.062938
-0.24167089020055577 0.6491940170083053 0.7212089219569398 -15.69688 -0.3984367829345963 0.6113063250138321 -0.6837782586502825 -14.91155 -0.8847843301248053 -0.45260546315605105 0.11092783188585364 -2.059849
-0.24544629123905587 0.6647682793375957 0.7055772480058611 -15.66337 -0.38987221551576806 0.5986935254296843 -0.6996897299356352 -14.96644 -0.8875560679111032 -0.446821214128322 0.11222757646440201 -2.056274
-0.24910168001460503 0.6803923918481539 0.6892129903948774 -15.63155 -0.38101124841145395 0.5854116761891659 -0.7156281142921486 -15.02334 -0.8903812563154316 -0.44086206742760164 0.11341012258883304 -2.052221
-0.2526146963910233 0.6960067312465748 0.6721312708293885 -15.60139 -0.37186846324208056 0.5714680880847083 -0.7315313187736947 -15.08221 -0.8932522942669916 -0.4347399847728132 0.11446171598613045 -2.047698
-0.25596344510951824 0.711552472253566 0.6543514300416139 -15.57286 -0.36246053958639735 0.5568738352302842 -0.747337867954416 -15.14299 -0.8961612979873682 -0.42846774775442853 0.11537034768016871 -2.042714
-0.2591268931970955 0.7269718210578816 0.635897180847508 -15.54593 -0.3528061451368213 0.5416439829823425 -0.7629872997977882 -15.20565 -0.8991001485795211 -0.4220589616236232 0.11612560328141136 -2.037277
-0.2620861157353491 0.7422077872801053 0.6167969426314688 -15.52058 -0.3429247087512589 0.5257983969742708 -0.7784206381302795 -15.27013 -0.9020607030940997 -0.4155281533663603 0.11671692976308662 -2.031394
-0.26482305647707044 0.757205020217342 0.5970840025622834 -15.49678 -0.33283850458231024 0.509361143894158 -0.7935803393218901 -15.3364 -0.9050344074263441 -0.4088909175421844 0.11713641161465024 -2.025076
-0.26732180380864917 0.771910558250311 0.5767955818747079 -15.4745 -0.3225699869353696 0.49236061770785305 -0.8084117921324852 -15.4044 -0.9080130267441129 -0.4021630418027422 0.11737645024007276 -2.01833
-0.26956869530935035 0.7862735321318863 0.5559736065480646 -15.45371 -0.3121435808856463 0.4748295370513498 -0.8228628656437759 -15.47411 -0.9109879820398844 -0.3953616615359262 0.11743105707797705 -2.011164
-0.27155137364153215 0.8002462264354958 0.5346642203749434 -15.43438 -0.30158468017688567 0.45680504853429105 -0.8368845967731688 -15.54546 -0.9139510556676449 -0.38850369973699506 0.11729596384643506 -2.003587
-0.27326025111518376 0.8137842625342746 0.5129171562855094 -15.41649 -0.29091988725405016 0.4383277883862846 -0.8504318721264387 -15.61842 -0.916893916634066 -0.3816070282108749 0.11696846438039221 -1.995606
-0.2746877801111046 0.8268468009442562 0.4907860951839232 -15.40001 -0.2801767644003054 0.4194424876502453 -0.8634633635794571 -15.69295 -0.9198084605763361 -0.3746896947102006 0.11644753552637988 -1.987231
-0.275829082714788 0.8393974657996085 0.4683270348142569 -15.3849 -0.26938284873739515 0.4001965977739905 -0.8759426716037124 -15.76899 -0.9226869447081414 -0.3677697343981945 0.11573342009046997 -1.978469
-0.27668132789702404 0.8514036398850591 0.44559991560099266 -15.37115 -0.2585669266480472 0.38064155493680857 -0.8878373449563111 -15.8465 -0.9255217918757628 -0.3608654162506582 0.11482841162933627 -1.969328
-0.27724428450428285 0.862837785734662 0.4226660173449172 -15.35872 -0.2477573705201056 0.36083066211236464 -0.8991204138670836 -15.92544 -0.9283059259008699 -0.3539946168913562 0.11373618223446097 -1.959819
-0.2775205949471979 0.8736767765552678 0.39958880050390644 -15.34758 -0.23698285721335105 0.34081963725388514 -0.9097698061867778 -16.00577 -0.9310324617150308 -0.3471755535318229 0.11246195028863143 -1.949947
-0.277514203035912 0.8839026061784923 0.37643332730273976 -15.33771 -0.22627158852749168 0.3206664966386246 -0.9197685394482442 -16.08744 -0.9336953653834787 -0.34042500014596455 0.11101253954861151 -1.939723
-0.27723261415441397 0.8935019591586103 0.3532652355225953 -15.32908 -0.2156517180637697 0.30043002295114296 -0.9291050197936292 -16.1704 -0.9362886382656013 -0.33376046843402635 0.10939623195268255 -1.929153
-0.27668444342898474 0.9024669718112319 0.3301500924644094 -15.32166 -0.20515051081579921 0.28016968835213507 -0.9377730075240405 -16.25462 -0.9388072148617146 -0.3271976627644711 0.10762296597407905 -1.918247
-0.2758813538215861 0.9107940055922875 0.3071542902040036 -15.31542 -0.19479425648146853 0.2599463396670576 -0.9457711658406228 -16.34004 -0.9412463419612322 -0.32075252122291287 0.10570309301881442 -1.907013
-0.2748366043224784 0.9184845825850667 0.28434294870459625 -15.31033 -0.18460881615975988 0.23981997753660705 -0.9531033329972322 -16.42663 -0.9436018365394276 -0.3144398987531266 0.10364904317716622 -1.895459
-0.2735648901626354 0.9255448938357909 0.26178025205274835 -15.30637 -0.17461835432345346 0.21985052008789474 -0.9597781926833157 -16.51433 -0.9458703300155231 -0.3082732526697337 0.1014737428340381 -1.883593
-0.2720829241046627 0.9319852444842921 0.2395295106541372 -15.30351 -0.16484630679869838 0.200097431231698 -0.9658088388233486 -16.60311 -0.9480488265619474 -0.3022656481938197 0.0991912313487654 -1.871424
-0.27040928729973174 0.9378202082275529 0.21765126781638527 -15.30172 -0.15531447223818984 0.18061803999482762 -0.9712129212185137 -16.69291 -0.9501348494058215 -0.2964293856358637 0.0968162552266959 -1.85896
-0.26856274895160837 0.9430681492178572 0.19620528995508996 -15.30097 -0.14604361145895667 0.16146954601541366 -0.9760117054941513 -16.7837 -0.9521267318102045 -0.29077491576885 0.09436437321382232 -1.84621
-0.2665643678821359 0.9477507285612895 0.17524837884312094 -15.30123 -0.13705252147499436 0.14270677194309933 -0.980230270701189 -16.87544 -0.9540230836478452 -0.2853126946932521 0.09185108662357533 -1.833181
-0.26443504594702316 0.9518929631407873 0.15483505158085953 -15.30247 -0.12835909697436798 0.12438275053200354 -0.9838967799490036 -16.96807 -0.9558232308847282 -0.28005127761384163 0.08929296281305935 -1.819882
-0.262196895879916 0.9555224267608085 0.1350173312877721 -15.30468 -0.11997964672180056 0.10654853224020744 -0.9870421949693791 -17.06154 -0.9575268519281581 -0.2749987313326973 0.08670654878357584 -1.806322
-0.2598726275406936 0.9586690301004945 0.11584432735906186 -15.30781 -0.11192888902424719 0.08925276668691895 -0.989699887562148 -17.15583 -0.9591340580215542 -0.27016223711856535 0.0841084084868948 -1.792508
-0.25748522974501065 0.9613645555993191 0.09736296883560525 -15.31185 -0.10422045045194156 0.07254230203740933 -0.9919050922959858 -17.25088 -0.9606453321443631 -0.265548123044463 0.08151527572675735 -1.778449
-0.25505770346944845 0.9636423589358722 0.0796176611399676 -15.31675 -0.09686676384598453 0.05646184229651513 -0.9936945659640541 -17.34665 -0.962061535434661 -0.2611617591244768 0.07894388898522528 -1.764153
-0.2526127301815905 0.9655370646890591 0.06264970280726645 -15.3225 -0.08987873324087864 0.041053419382052064 -0.9951062405934636 -17.4431 -0.9633839431198851 -0.25700738018328817 0.0764106319179789 -1.749629
-0.25017372035189456 0.9670837959623126 0.04649775513308568 -15.32907 -0.08326623430398566 0.026356610642362804 -0.9961787306002275 -17.54017 -0.9646138314735726 -0.25308943214320745 0.07393169460591947 -1.734885
-0.24776303871426955 0.9683181614449147 0.031199597161048143 -15.33642 -0.07703889392280339 0.012410254072458077 -0.99695084854621 -17.63783 -0.9657528076429406 -0.24941115414070264 0.07152335786287042 -1.719929
-0.24540295939734774 0.9692757594962462 0.01678956735591397 -15.34454 -0.07120455369615925 -0.0007499021317459997 -0.9974614524781014 -17.73603 -0.9668026163865893 -0.24597548597323243 0.06920087606582492 -1.704769
-0.24311496595474916 0.9699918632443058 0.0033012980267468905 -15.35339 -0.06577102887434527 -0.013088826281474841 -0.9977488934533496 -17.83472 -0.9677650980943833 -0.2427848180311396 0.06697945240112965 -1.689415
-0.24092061423331648 0.9705008929052543 -0.009234419718941733 -15.36294 -0.060745438584661526 -0.02457432144305352 -0.9978507375438326 -17.93387 -0.9686419613709694 -0.23984186372632604 0.06487396300276269 -1.673874
-0.2388401490306797 0.9708363854865754 -0.02078691478705952 -15.37317 -0.05613442073626712 -0.03517421572754806 -0.9978034382364873 -18.03343 -0.9694350468286189 -0.23714866047126154 0.06289835305538508 -1.658154
-0.23689315144924122 0.9710305214937636 -0.03132668389721649 -15.38404 -0.05194490678456565 -0.044857712019726353 -0.9976419760272208 -18.13335 -0.9701460516105754 -0.23470729004422625 0.061066574691117204 -1.642264
-0.23509843984794876 0.9711137870198178 -0.04082568114665025 -15.39553 -0.04818331540675669 -0.053595510158108234 -0.997399563568836 -18.23359 -0.970776540557853 -0.2325199646286737 0.05939170271685201 -1.626212
-0.23347412845281734 0.9711146997916411 -0.04925516411289105 -15.40762 -0.04485627683703708 -0.06135780661093715 -0.9971073833826594 -18.3341 -0.9713278261079088 -0.2305893740320341 0.05788605023663507 -1.610007
-0.23203699538202807 0.9710595924414882 -0.05658710720165311 -15.42026 -0.041971147677724197 -0.06811585928163214 -0.9967941876219681 -18.43484 -0.9718010370115353 -0.22891810247705524 0.056561884883807284 -1.593657
-0.23080253927184025 0.9709723188954573 -0.06279286427969899 -15.43345 -0.03953535378209011 -0.0738404944791119 -0.9964860948234074 -18.53578 -0.9721970703859354 -0.22750898293003352 0.055430307767015685 -1.577169
-0.22978593996554927 0.9708736732253227 -0.06784344059758424 -15.44714 -0.03755730964720777 -0.07850269233894133 -0.9962061914019612 -18.63685 -0.9725162570806785 -0.22636615898474421 0.05450221812257541 -1.560553
-0.2290010505118988 0.9707813630905713 -0.0717081860073101 -15.46131 -0.036046198494148474 -0.08207216538512943 -0.9959743125418026 -18.73801 -0.9727585468339854 -0.2254943563484642 0.05378758979936368 -1.543817
-0.22845933270635782 0.9707097760502024 -0.07435633113549828 -15.47592 -0.03501219823578311 -0.08451896463428615 -0.9958065527961979 -18.83924 -0.9729236759756976 -0.22489792195063624 0.05329582936986349 -1.526969
-0.22817223620066782 0.9706691981375839 -0.07575446134800395 -15.49097 -0.03446655390705322 -0.08581107775170801 -0.9957150775180932 -18.94046 -0.9730105278407621 -0.22458354063027391 0.05303532774492173 -1.510018
-0.22812596276112895 0.9706625057405913 -0.07597924100505726 -15.5 -0.034378929929193836 -0.0860188478326741 -0.9957001792680682 -19.0 -0.9730244777451551 -0.22453297701437053 0.05299347074718336 -1.5
-0.22811539798510944 0.9707095482035639 -0.07540781278175429 -15.51596 -0.03438367138838788 -0.08543318402602212 -0.9957504377147073 -19.10089 -0.9730267870639278 -0.22455320993833233 0.052865182894232976 -1.483216
-0.22808469821378502 0.9708468042102851 -0.073714674220284 -15.53285 -0.03439812815050597 -0.08369799508575632 -0.9958972910889785 -19.20118 -0.9730334728160525 -0.22461328627955357 0.052485544735968226 -1.466966
-0.22803395938740104 0.971066098022866 -0.07093057617664278 -15.55062 -0.03442150508062397 -0.08084465217371975 -0.9961321710510582 -19.30087 -0.9730445382170796 -0.2247104258497048 0.051860882757186394 -1.451242
-0.2279638660308644 0.9713557734496052 -0.06708529772148958 -15.5692 -0.03445351170021255 -0.07690368180250831 -0.9964430637305582 -19.39994 -0.973059829258091 -0.22484168899769752 0.050997878121322254 -1.436033
-0.2278747172196696 0.9717012680836199 -0.06220738586969243 -15.58854 -0.03449359433854421 -0.07190426750062787 -0.9968149117387873 -19.4984 -0.9730792902953304 -0.2250031597997756 0.04990263398311842 -1.421329
-0.22776707780236852 0.9720852283088612 -0.05632465865922931 -15.60858 -0.03454161519678217 -0.06587495787390543 -0.9972298464971394 -19.59624 -0.9731027875250214 -0.22519058334846087 0.048581540550014374 -1.40712
-0.22764117593076033 0.972487897885367 -0.04946497232749808 -15.62927 -0.03459654884079638 -0.05884411997159905 -0.9976675039075263 -19.69346 -0.9731302964296029 -0.22539888644637884 0.04704006972322 -1.393395
-0.2274975588368901 0.9728872854894421 -0.04165561734316897 -15.65053 -0.03465780262302448 -0.05083965858338632 -0.9981052879493566 -19.79005 -0.9731617015895144 -0.22562282430665004 0.045284033734764584 -1.380146
-0.2273362879881654 0.9732596029762228 -0.032923507989376655 -15.67231 -0.034725117070768474 -0.04188914793652296 -0.9985186355444615 -19.886 -0.9731969884911189 -0.2258562474223742 0.0433194770524753 -1.367361
-0.2271581016145914 0.9735792181889427 -0.023295982088383127 -15.69456 -0.03479750758997341 -0.03202046195035971 -0.998881285980477 -19.98132 -0.9732360095764957 -0.22609333454813046 0.04115183758383609 -1.355032
-0.22696279663930777 0.9738193015806698 -0.01280065664724539 -15.71721 -0.034874381381600594 -0.021261810790786734 -0.9991655082743536 -20.07599 -0.9732788225708575 -0.22632698308163168 0.038786985758781006 -1.343147
-0.2267514019311841 0.9739515659239715 -0.0014659319515612501 -15.74021 -0.03495486592460639 -0.009642196903305561 -0.9993423764591747 -20.17001 -0.97332520725112 -0.2265510434165376 0.03623072806945393 -1.331696
-0.2265237666553771 0.9739470890124485 0.010679463677474244 -15.76349 -0.03503860551454163 0.002808968811493756 -0.9993820119542941 -20.26338 -0.973375199634682 -0.22675797119041763 0.033489449648346326 -1.320671
-0.22628040481062728 0.973776134044805 0.02360549011338381 -15.787 -0.03512424089471056 0.01606113532585421 -0.9992538854733642 -20.35609 -0.9734287164966469 -0.22694069863468525 0.030568827306457047 -1.31006
-0.2260215053319684 0.9734086481111743 0.037281133430283775 -15.81068 -0.03521125987805479 0.03008256593610703 -0.9989270275673292 -20.44814 -0.973485719620617 -0.22709170616531865 0.02747563803906139 -1.299854
-0.22574787739020777 0.9728143136760298 0.05167404533081327 -15.83447 -0.035298958779352074 0.044840180420857995 -0.9983703429734472 -20.53952 -0.9735460335099257 -0.22720402577168408 0.024216756806611256 -1.290042
-0.22545975805177962 0.9719630955040913 0.0667505691162118 -15.85831 -0.03538635652354982 0.06029963866009494 -0.9975528854900128 -20.63023 -0.9736096257079743 -0.2272700916433289 0.020799090682326132 -1.280615
-0.2251574630898418 0.970825362652761 0.08247564516317024 -15.88214 -0.03547298651643627 0.0764250366054596 -0.9964441183565982 -20.72027 -0.9736764267674096 -0.22728248724877326 0.017230407640562106 -1.271562
-0.22484173881017014 0.9693721272732376 0.09881230365990401 -15.9059 -0.03555756362481444 0.09317869256989794 -0.995014266691705 -20.80961 -0.9737462976350084 -0.22723426263819085 0.01351805183416574 -1.262874
-0.22451286949048493 0.9675754908169257 0.11572225802987834 -15.92954 -0.035639415353819426 0.11052143927562791 -0.9932345360153773 -20.89828 -0.973819184195088 -0.2271182093774714 0.009670339331410538 -1.254541
-0.2241713766783006 0.9654088018302623 0.13316545808434194 -15.95299 -0.035718053419069196 0.12841225121622246 -0.991077451260765 -20.98625 -0.9738949709994953 -0.2269276075893784 0.0056961720175125186 -1.246551
-0.2238185076424908 0.9628468425937511 0.15110007724661267 -15.9762 -0.03579233073469468 0.14680843131389462 -0.9885171690748378 -21.07352 -0.9739734004054044 -0.22665666150015862 0.001604088630961037 -1.238896
-0.22345415343476313 0.9598665615500399 0.169482817214184 -15.99911 -0.035861721290560145 0.16566563484362412 -0.9855297227267867 -21.1601 -0.9740545047679987 -0.22629865543118505 -0.002596207080778873 -1.231565
-0.22307937140147002 0.956446815849954 0.18826864450993697 -16.02165 -0.035925359956077374 0.18493781013840097 -0.9820933636336409 -21.24596 -0.9741380613481597 -0.22584838903941024 -0.006895114295785237 -1.224549
-0.22269484369104678 0.9525689372559529 0.2074112493778591 -16.04377 -0.03598287301726916 0.2045774838205092 -0.9781887782852 -21.33112 -0.9742239164806226 -0.22530084972927533 -0.011282183672639917 -1.217837
-0.22230133503514746 0.9482168679526679 0.22686314767194748 -16.06542 -0.03603324307479466 0.2245361268393956 -0.9737993289879983 -21.41556 -0.9743119222482622 -0.2246515058351391 -0.01574735186945994 -1.211419
-0.22189966132945582 0.9433775206656968 0.24657533089203398 -16.08652 -0.036076223232098026 0.2447634680876618 -0.968911425676779 -21.49928 -0.9744018916336221 -0.22389662389670684 -0.02027943264679638 -1.205285
-0.22149086474504803 0.9380408788306731 0.2664978545449665 -16.10703 -0.03611104308370716 0.26520840251445144 -0.9635146578039901 -21.58228 -0.9744936066500889 -0.22303321025872364 -0.024867603820845685 -1.199425
-0.2210755300063983 0.9322001593552316 0.2865806569370486 -16.12687 -0.03613719003061161 0.28581963504003083 -0.9576018168958718 -21.66454 -0.9745869450844706 -0.22205854886417647 -0.029500632997523646 -1.193829
-0.22065506323455714 0.925852096210739 0.30677229179170323 -16.14601 -0.03615452505427824 0.30654438747379703 -0.951169484806159 -21.74607 -0.9746815856406916 -0.22097156932622564 -0.03416682839322199 -1.188487
-0.22023013585552076 0.9189969763467529 0.3270217802021528 -16.16437 -0.036162268129074915 0.3273304872326085 -0.9442176880845987 -21.82686 -0.974777399012113 -0.21977103902377443 -0.0388550226044308 -1.18339
-0.219801564421867 0.9116387569585521 0.34727805730965194 -16.18189 -0.03616082501872209 0.34812540682119236 -0.9367502846861295 -21.9069 -0.9748741800928289 -0.2184570391098566 -0.04355289946363339 -1.178526
-0.21937053579557408 0.903785199803913 0.36748997352331064 -16.19853 -0.03614923311988799 0.3688768558024613 -0.9287750525278626 -21.9862 -0.9749716923939928 -0.2170303616287153 -0.04824957162195653 -1.173886
-0.21893810766713412 0.8954475737881311 0.387607723875679 -16.21421 -0.03612792368594353 0.38953360923022473 -0.9203033958484658 -22.06474 -0.975069678608292 -0.21549294623496318 -0.052933089667033306 -1.16946
-0.21850516676265713 0.8866410589964058 0.40758204646396706 -16.22888 -0.03609649003094889 0.4100451778986993 -0.9113506435447718 -22.14252 -0.9751679524602257 -0.21384710562398568 -0.05759235982988503 -1.165238
-0.21807301061306922 0.8773844527715007 0.4273648138031566 -16.24248 -0.03605507130810809 0.4303621411594436 -0.9019359507690259 -22.21954 -0.9752662169249583 -0.21209655700061164 -0.06221620876722472 -1.161209
-0.2176421603016327 0.8677000246072804 0.4469100103552869 -16.25496 -0.03600398494593454 0.4504371615382293 -0.8920818777295024 -22.29579 -0.9753643437850547 -0.21024516832000517 -0.0667934582937682 -1.157365
-0.21721424006445517 0.8576134787180304 0.46617281670468425 -16.26625 -0.03594303139245347 0.47022431573885837 -0.881814714881898 -22.37127 -0.9754619789656293 -0.20829837735585066 -0.07131418921489124 -1.153694
-0.2167898308811227 0.847153908743115 0.4851107338822715 -16.27629 -0.03587291925782177 0.4896797981432407 -0.8711640654631692 -22.44596 -0.9755589694582567 -0.20626184860913316 -0.07576771685808559 -1.150187
-0.2163700168844624 0.8363532516444897 0.5036836847239605 -16.28502 -0.03579352212293918 0.5087625052534145 -0.8601625061709584 -22.51988 -0.9756550822741876 -0.20414198909572234 -0.0801449232365335 -1.146833
-0.21595566454556064 0.8252464910845035 0.5218537916920787 -16.2924 -0.03570546636488647 0.527433416780642 -0.8488457519094759 -22.59301 -0.9757501066473686 -0.201946081456937 -0.08443642319424083 -1.143623
-0.2155476883336802 0.8138709183131283 0.5395862511018527 -16.29835 -0.0356093115832512 0.5456566907309305 -0.837251905216785 -22.66534 -0.9758438250983471 -0.19968200766397187 -0.08863365519209898 -1.140546
-0.21514704472402724 0.8022664169688215 0.5568485838632677 -16.30281 -0.03550573328863993 0.5633988557331938 -0.8254217541730797 -22.73688 -0.9759360081737705 -0.19735836836206655 -0.09272854138456743 -1.137593
-0.21475446086486194 0.7904746603143311 0.5736116569069927 -16.30574 -0.035395071413781676 0.5806299267921663 -0.8133978590043971 -22.80761 -0.9760264906539453 -0.1949838442391229 -0.09671395983764536 -1.134754
-0.21437087110042496 0.7785391953611481 0.5898490068738447 -16.30707 -0.035277761667060425 0.5973226621453755 -0.8012247604881688 -22.87754 -0.9761150593835786 -0.19256780253712596 -0.10058345922971346 -1.132018
-0.21399687307626591 0.7665051271334791 0.6055371403899761 -16.30674 -0.035154958619481924 0.6134526967102748 -0.7889486154264763 -22.94666 -0.9762015504997126 -0.19012016983208446 -0.10433050285020351 -1.129375
-0.21363315375800257 0.7544184511667049 0.6206558435676249 -16.30469 -0.035027332257937915 0.6289991435184934 -0.7766164841463863 -23.01495 -0.9762857991440325 -0.18765094721911818 -0.10794980499040313 -1.126816
-0.21328029191439785 0.7423262381587001 0.6351875890019123 -16.30086 -0.03489538077733262 0.6439438972587217 -0.7642765007401797 -23.08243 -0.976367671259815 -0.18517022796443766 -0.11143678564228238 -1.12433
-0.21293925777355327 0.7302760100712489 0.6491177255423439 -16.2952 -0.03476014682519113 0.6582717526497306 -0.751977414458801 -23.14908 -0.9764469287634323 -0.18268893994401864 -0.11478739708953828 -1.121907
-0.21261025519806914 0.7183161356600809 0.6624340032297406 -16.28765 -0.03462241371627889 0.67196993403031 -0.7397686775119363 -23.2149 -0.9765235111624658 -0.18021747143290184 -0.11799786073171192 -1.119538
